--- 第 1 页 OCR ---
国家能源局浙江监管办公室文件
浙监能市场〔2024］3号
国家能源局浙江监管办公室关于发布浙江电网
2023年10-12月份“两个细则
运行结果的通知
国网浙江省电力有限公司,浙江电力交易中心，各有关发电企业:
按照《华东区域发电厂并网运行管理实施细则》《华东区域
并网发电厂辅助服务管理实施细则》（简称“两个细则”）以及《国
家能源局浙江监管办公室关于开展宾金直流（溪洛渡部分）跨区
辅助服务补偿机制试点工作的通知》（浙监能市场（2015）10号）
要求，浙江电力调度控制中心对浙江电网2023年10-12月份“两
个细则”运行结果进行了统计和计算,有关发电企业对运行结果

--- 第 2 页 OCR ---
数据进行了核对。国网浙江省电力公司按规定向我办报送了2023
年10-12月份“两个细则"运行结果的明细清单。我办通过网站对
2023年10-12月份“两个细则”运行结果进行了公示。
根据“两个细则"规定，现正式发布浙江电网2023年10-12
月份“两个细则"运行结果（见附件）。请国网浙江省电力有限公
司、浙江电力交易中心、各有关发电企业据此通知，将“两个细
则”运行结果连同2024年2月份电费一并进行结算。
附件：2023年10-12月考核、补偿总结算表
国家鼠源局浙江监管苏
公室
2024年3月日
国家能源局浙江监管办公室综合处
2024年3月6日印发
一2一

--- 第 3 页 OCR ---
-2980.63
-27754.14
-39421.18
-19496.67
-20130.22
3104.04
15
845.67
812.70
-205.77
0.00
-40.14
大唐（杭州富阳）新能源有限公司
-741.62
-123.36
0.00
-1923.15
-1192.00
18.18
-103063.13
-1142.72
-1044.97
87.21
44.08
40.47
16
大唐（瑞安）新能源有限公司
-5.84
0.00
-2.01
-1291.68
-2566.16
-2735.68
00'0
2.22
-6001.70
-2064.29
-1511.00
-2451.48
187.74
105.52
94.94
17
大唐江山热电有限公司
-12.57
45650.00
0.00
-4.71
0.00
-27254.87
5.20
47229.89
38207.21
87095.08
7645.03
3340.40
-12244.16
-16098.06
4175.30
-256.00
0.00
-103.54
0.00
228.79
18
大唐太阳能产业（丽水）有限公司
-8185.16
189859.24
-5076.56
-5675.26
-10766.37
-7258.66
-8152.14
787.67
279.99
国电电力浙江舟山海上风电开发有限公司
315.72
-52.75
19
0.00
-15.66
0.00
-84196.46
-108903.12
17.30
-43781.86
-130079.59
-65538.94
-32635.54
58978.75
10348.13
4386.82
5410.98
-608.37
20
国电湖州南得天然气热电有限公司
0.00
-216.70
72081.65
64497.26
0.00
136969.31
236736.85
471.02
-24866.86
13351.24
4756.03
-460540.53
国电象山海上风电有限公司
201026.28
21
4878.11
-447.07
0.00
-120.97
0.00
267.30
-105805.84
-144548.02
-382566.91
-60608.18
-67563.73
13711.74
5316.79
9298.26
709129.12
国家电投集团桑尼安吉新能源有限公司
-157041.00
-732.35
0.00
-370.55
22
-15671.88
-10254.71
0.00
515.56
-5622.65
-10951.33
-4965.47
-890394.24
国家电投集团胜科武义新能源有限公司
-6402.23
750.24
246.95
192.31
-50.24
0.00
-9.54
0.00
10.54
23
-4636.61
-6794.80
-4841.07
-4495.32
-52728.01
国能（浙江开化）能源有限公司
-4844.23
-5172.25
328.88
186.86
200.32
-22.03
24
0.00
-296.92
-5256.08
-2490.68
-9.94
0.00
10.98
-30089.20
98.90
-4040.39
-3129.54
182.22
155.85
121.20
-12.20
25
国能浙江北仑第一发电有限公司（光伏）
0.00
-6.01
0.00
6.64
-14667.01
0.00
0.00
0.00
0.00
00'0
国能浙江宁海发电有限公司（光伏）
0.00
0.00
0.00
0.00
00'0
26
0.00
0.00
-5712.25
-5250.07
-7622.72
00'0
0.00
0.00
-4256.94
-3550.22
27
-4868.46
557.68
136.94
188.55
杭州舒能电力科技有限公司
-37.35
0.00
-4596.44
-23622.63
-9.35
0.00
10.33
-30413.85
301.99
347.64
-15484.75
-12754.43
1728.24
597.29
493.97
-115.74
0.00
28
杭州下沙热电有限公司
-24.50
0.00
27.07
35308.44
41084.15
47128.81
-80002.45
73268.52
172818.72
5853.02
-53102.29
2868.41
4774.98
66561-
29
0.00
-118.42
湖州宏晖光伏发电有限公司
000
-2077.06
-7299.89
261.65
-1072.11
-11621.59
303049.84
-17845.14
-8977.52
1373.85
470.98
347.69
-91.43
30
湖州南海万投太阳能电力有限公司
0.00
-17.24
-2877.88
00'0
19.05
-47.80
297.55
-9817.73
-46790.41
-14614.40
-7934.57
1069.20
385.42
307.30
31
湖州吴兴盛林电力有限公司
-71.61
0.00
-15.24
1186.95
-3260.45
0.00
16.84
-33302.92
484.87
-23006.06
-15152.37
-10888.80
1683.14
584.47
421.71
湖州祥晖光伏发电有限公司
-112.72
32
0.00
-20.92
00'0
23.11
-448.05
-3294.20
-48057.07
-7876.24
-28329.91
-15472.14
-13614.99
2072.63
华电江东然气热电有限公司
596.81
527.29
-138.81
33
0.00
204943.52
-84338.43
-26.15
0.00
28.89
-65974.87
12087.66
960473.04
华电龙游然气发电有限公司
320502.16
1002807.04
40549.35
6689.54
12989.31
-1357.82
34
0.00
-322.12
81459.16
31075.45
91561.43
0.00
711.77
2475735.01
华电浙江江山新能源有限公司
100645.05
-13970.53
262996.07
14246.15
2149.78
35
9056.11
-477.04
0.00
-224.58
-18045.46
8665591-
0.00
496.25
579013.28
-7718.27
14778.69
-8678.31
-3689.70
1081.22
334.75
142.90
-72.41
36
华能（浙江）能源开发有限公司玉环分公司
0.00
-7.09
0.00
7.83
-67983.20
-21300.71
2839.25
-22823.88
-36607.45
-26544.27
华能桐乡燃机热电有限责任公司
-21432.11
2678.22
1023.89
883.79
37
0.00
-43.47
78327.97
95946.11
0.00
48.43
-73144.98
-121457.67
67972.22
250803.70
268822.87
13413.82
6786.21
6658.74
-449.17
38
0.00
-165.13
华能玉环发电厂
680807.06
729918.57
0.00
364.88
697471.33
-79578.53
715337.24
华能长兴电厂
419390.89
-1102599.61
400841.76
145604.28
169390.01
-13422.40
39
223092.45
0.00
-4200.74
0.00
9282.02
223083.83
178870.94
142943.29
-237478.03
1214122.85
华能浙江苍南海上风电有限责任公司
-35478.76
123455.66
53121.34
54716.81
-4133.98
0.00
40
-1356.93
0.00
2998.30
-20296.90
-77626.31
-90095.75
-179523.86
723834.91
华能浙江苍南海上风电有限责任公司（苍海场）
-363182.28
-189092.19
17583.92
5547.53
6952.77
-1177.61
0.00
-344.85
0.00
38.77
-891216.75
41
-32307.21
-23637.33
-81448.19
-240347.10
-143819.23
-242148.13
26597.99
7318.90
9408.50
-1780.62
0.00
-466.10
-118381.00
504.13
华能浙江平湖海上风电有限责任公司
-114013.73
-840505.38
42
-85100.61
-109737.83
-48695.01
-131186.69
-84601.11
9855.40
5874.70
4975.45
-583.28
华润苍南电厂
0.00
-225.09
0.00
36.32
-553401.47
43
664321.32
478025.45
425323.41
-226367.65
-30579.65
-336913.89
191598.20
73288.75
84866.39
-6415.77
华润海上风电（苍南）有限公司
0.00
-2104.62
44
0.00
4650.40
1319692.34
-43655.85
-87942.19
65188.52
-270658.65
-179135.31
-221945.45
华润新能源（岱山）有限公司
19801.53
6909.77
8595.71
-1326.13
0.00
45
-426.33
0.00
351.32
6447.19
-11367.40
-28685.95
834620.11
-13389.37
-17259.96
-13750.84
2098.68
嘉善舒能新能源科技有限公司（含II期嘉善风凌）
665.77
532.56
-140.55
0.00
-26.41
0.00
45.33
46
-11187.55
1226.58
-87725.33
-3553.03
-32619.85
-20501.82
-15500.09
2386.49
47
嘉兴德源节能科技有限公司
790.82
600.30
-159.83
0.00
-29.77
0.00
32.89
-1047.42
1849.54
-78514.86
-4613.79
-15801.58
-9292.40
-7681.85
1156.05
394.77
嘉兴发电有限公司
297.51
-77.42
0.00
48
-14.76
0.00
16.30
-38514.13
-78635.69
4183.53
45204.29
121855.75
35878.91
-82037.30
51129.59
江山正泰林农光伏发展有限公司
11983.73
25229.76
-1712.10
0.00
-625.68
49
0.00
1382.51
133837.28
-24548.48
-4056.38
-14217.45
75146.26
30985.65
28834.05
3155.20
金华燃机发电有限公司
1187.65
984.96
-160.63
50
0.00
15308.77
-40.89
0.00
53.97
97323.93
42453.77
36201.70
2547.20
68965.10
136374.32
2668.12
开化龙翔新能源有限公司
3094.44
3602.12
51
-89.34
0.00
-7088.66
-89.33
0.00
197.38
311234.24
-6567.60
15923.24
-12959.05
-9919.75
-7535.30
948.09
382.63
52
兰溪绿能太阳能科技有限公司
291.83
-63.49
0.00
552.07
258.14
-14.47
0.00
15.99
-58433.02
-2794.40
-15165.14
-10217.21
-8386.63
1109.49
53
兰溪市晶科电力有限公司
394.11
324.81
-74.30
0.00
-16.11
0.00
17.80
-33997.39
-79.88
-13.61
-1176.53
-4167.37
-2988.79
-2297.68
332.39
115.29
54
乐清正泰光伏发电有限公司（光伏）
-2815.74
88.99
-22.09
0.00
-5394.77
-7477.34
-4.41
0.00
-28627.72
4.88
10208.83
40053.55
-24673.53
2930.34
1104.26
955.58
-196.25
55
龙源磐安风力发电有限公司
0.00
-47.40
0.00
52.36
-36879.73
-104243.74
-31924.27
-30583.17
22652.12
-22745.84
-14396.50
56
1657.24
877.37
557.56
-110.99
宁波溪口抽水蓄能电站
0.00
-27.65
0.00
18102.21
509.51
29407.47
15280.17
13381.11
47534.31
-155718.58
41613.56
4874.83
1252.30
宁波镇海岚能新能源科技有限公司（岚能）
1490.18
-163.24
0.00
-36.96
0.00
57
-8219.51
81.66
-3602.01
-17498.75
172817.60
宁波镇海岚能新能源科技有限公司（凌光）
-14034.05
30057.09
2254.85
729.86
637.29
-150.58
58
0.00
-31.02
0.00
-2908.23
-4182.23
29.18
-3781.00
-82960.95
-7029.78
-5533.53
-3908.07
1652.02
530.37
462.11
-101.08
59
宁海新电电力开发有限公司
0.00
-21.54
0.00
2730.39
1005.43
25.32
-24795.64
-2544.90
-33813.38
-21601.21
-19303.83
2473.81
833.22
747.62
60
-165.67
0.00
-37.08
0.00
秦山核电公司
116998.19
40.97
160615.42
-654226.73
-438286.79
-69634.65
48110.61
-452974.25
47996.32
16906.00
17543.20
青田三溪口水电公司
-3207.61
0.00
-870.12
61
14246.49
0.00
961.31
-1140434.43
8797.58
12599.11
18027.66
19547.64
3865.34
2460.96
1155.31
1399.46
-82.41
0.00
-34.71
0.00
76.69
62
衢州杭泰光伏发电有限公司
82059.13
-5086.88
-3918.95
-8465.22
4412.77
14324.47
19127.99
1647.74
衢州禾和新能源科技有限公司
620.67
485.33
-102.82
63
0.00
-21.21
0.00
26.59
-8482.28
23050.49
-8701.34
-11621.07
-16439.71
-12130.34
-9874.90
1202.74
衢州普星天然气有限公司
467.90
64
382.44
-80.55
0.00
35135.72
-18.97
0.00
380.99
-43677.27
64915.08
-7497.38
31038.47
-15612.59
88853.53
5848.64
2119.45
3178.09
-195.84
65
瑞安市华博新能源有限公司
0.00
-724.12
-1134.50
-78.81
0.00
174.15
-8212.34
-5254.93
99286.15
-1883.21
-4804.99
600.82
202.70
186.09
-40.24
0.00
-9.23
66
三门核电有限公司
817732.93
224359.88
0.00
10.20
-1272210.91
-3054818.41
-2124046.75
-21063.76
神华国华（舟山）发电有限责任公司（二期）
4683046.02
344563.96
118151.22
82585.67
67
-22976.05
0.00
4087.89
0.00
4525.42
12259.52
-26074.14
92288.62
-9569266.96
330589.14
276233.54
235488.13
石塘水电厂
76335.92
28656.70
29048.87
-2556.15
0.00
-720.39
68
0.00
1591.78
7921.42
11503.24
6204.85
69961
24375.50
1053141.55
22051.51
1313.12
795.79
605.12
-43.97
0.00
-15.01
69
台塑集团热电（宁波）公司
0.00
8979.54
5682.26
0.00
33.16
0.00
48224.55
94114.06
63604.12
0.00
621.20
554.16
70
台州第二发电厂
0.00
0.00
-13.74
0.00
30.37
336087.39
240587.30
526335.32
23409.28
127682.45
台州电厂（四期）
212218.19
633276.54
203473.63
71612.56
93597.31
-6813.42
71
0.00
-2321.14
-162274.51
-263920.21
0.00
5128.83
1070038.70
-235227.24
518792.35
374668.65
154898.79
64330.78
24321.25
27424.26
-2154.15
72
台州五期
0.00
-680.10
0.00
1502.76
501682.63
-502606.16
-627013.39
-510932.76
562999.53
388736.99
187191.52
58148.57
22495.69
25466.23
-1947.14
0.00
631.54
0.00
1395.47
-396696.99

--- 第 4 页 OCR ---
73
唐绍发电有限公司
203225.02
-190630.50
68429.77
1068928.42
217605.13
1529200.24
41657.46
7386.37
21300.02
-1394.92
000
-528.22
000
1167.17
2966345.94
74
温州发电有限公司
-409646.19
-240200.35
-252863.31
837288.28
396752.76
4064.37
169591.33
55470.52
77576.44
-5678.86
0.00
-1923.84
0.00
4250.94
75
温州乐泰光伏发电有限公司
-1878.75
634682.11
2759.66
-32036.95
-39322.06
-26484.21
-21359.28
2876.82
1021.57
827.22
-192.66
76
温州燃机发电公司
000
-41.03
0.00
20.96
-113808.70
35581.94
22103.65
42964.48
12134.58
-39642.13
170155.85
5910.20
1529.11
4220.00
-197.91
000
-104.65
000
231.24
77
温州珊溪水电厂
254886.37
13016.84
20569.09
9743.57
58532.20
89153.77
53895.26
2539.53
1773.12
2609.16
-85.04
0.00
78
温州泰瀚新能源开发有限公司
-64.71
00'0
142.97
10031.48
251825.77
13530.02
-26959.21
-167144.29
-119601.90
-96602.83
12228.37
4613.40
3741.32
-818.95
00'0
温州特鲁莱发电有限公司
185.56
000
205.01
79
-443435.64
-366963.15
380320.34
270393.47
567685.64
446391.12
197437.59
58673.98
22175.82
23389.28
-1964.73
0.00
-580.04
0.00
1281.66
80
乌溪江水电厂
28017.74
15248.67
220340.86
33451.81
92660.80
107048.31
1E616001
010089
2577.67
1999.34
-227.70
81
象山大唐新能源有限公司
0.00
-49.58
-1534.18
0.00
109.56
-1812.93
-26015.21
-10418.71
388556.02
-6639.49
-51691.42
6842.92
2319.04
2001.95
-458.21
82
象山大唐新能源有限公司（大涂）
0.00
-99.29
0.00
109.70
-87395.84
-11602.87
-14080.79
-3425.21
-93427.45
59708.36
-5734.85
762.24
256.10
222.10
83
萧山发电厂（天然气）
-51.05
0.00
-11.02
216213.88
0.00
12.17
70712.42
688571.88
-186788.97
54042.82
54474.63
547273.91
42620.91
3748.07
8101.91
-1427.18
0.00
雄亚（温岭）新能源有限公司
-200.92
0.00
443.96
1575627.00
84
-30876.05
-50039.82
-77025.46
-7484.06
-8383.36
-4655.35
2121.61
740.76
656.94
-129.69
85
玉环县晶科电力有限公司（含Ⅱ期玉环晶能）
0.00
-30.17
0.00
36.00
-175068.67
-46434.12
-28721.15
-29380.64
-17670.20
-19908.49
4082.28
1488.78
1246.81
-266.07
0.00
60.70
86
长兴发电有限公司
-772677.98
0.00
68.32
-148565.72
-830895.23
500500.55
1071570.43
506865.30
30028.68
107562.04
39765.78
53172.98
长兴和平华电风力发电有限公司
-3601.77
0.00
-1318.65
0.00
2913.71
-297115.27
87
-24236.78
-24409.05
-26539.50
-19950.45
-23715.72
-16914.47
1459.59
长兴天然气热电有限公司
915.90
662.85
-97.75
0.00
88
-32.82
0.00
687.34
-132170.87
83330.47
184987.38
-159243.92
264610.67
734307.15
994512.70
21289.64
20654.16
13824.04
-712.89
000
-342.83
89
0.00
757.51
2157974.08
浙江阿波溪仑光伏科技有限公司
661.17
-11073.19
-3430.35
-17023.93
-11163.75
-7781.91
1245.48
430.62
301.39
-83.41
000
浙江大唐国际江山新城热电有限责任公司
-14.95
0.00
16.51
-47916.32
90
-5826.82
-5083.57
-9164.40
浙江大唐乌沙山发电厂
-18665.66
-14018.05
-11064.33
1365.59
540.72
428.51
-91.46
0.00
-21.25
0.00
23.48
91
514029.89
309021.04
635832.01
-61577.25
514389.87
1165445.41
495796.83
242387.72
86551.42
105489.65
-8116.48
0.00
-2616.06
0.00
5780.49
4063991.77
92
浙江德能天然气发电有限公司
11022.58
9450.42
6715.25
-16949.01
-16909.76
1862.78
浙江鼎峰风电投资开发有限公司
653.77
654.90
-62.38
0.00
93
-16.24
0.00
35.89
-23213.73
-25203.93
-23502.67
-38098.84
-18832.80
-26591.76
-18270.30
1477.40
1025.72
707.59
-98.12
0.00
94
-35.10
浙江丰源水电公司
2324.59
0.00
157.90
-5267.10
-147264.90
浙江国华余姚天然气发电有限公司
1492.91
2450.26
-2677.48
-6170.02
385.34
103.28
238.96
-12.90
0.00
213332.28
-5.93
0.00
13.09
-7125.00
95
226698.97
170285.39
940676.52
620025.73
浙江国华浙能发电有限公司
1566522.19
40680.29
15361.98
18944.60
-1362.20
0.00
-469.81
96
0.00
1038.10
3811734.03
910889.01
139442.76
626673.30
557742.91
-356925.10
-246547.29
浙江国华浙能发电有限公司（胜龙电厂）
219678.24
77993.09
105570.42
-7356.04
0.00
-2618.06
0.00
5784.91
97
405498.38
590009.24
914842.33
542489.04
-808049.18
-461322.89
127381.69
47041.63
72608.10
-4265.44
0.00
-1800.62
98
浙江嘉华发电有限公司
0.00
3978.69
-1911476.49
-1866036.60
-2617437.84
395598.21
-671433.21
-815956.21
-1488594.34
339415.79
146857.73
178454.66
-11365.52
0.00
-4425.54
99
浙江巨宏热电有限公司
0.00
9778.73
0.00
-7645187.42
0.00
0.00
00'0
0.00
0.00
0.00
00'0
0.00
0.00
100
浙江蓝天天然气发电有限公司
0.00
0.00
0.00
11779.67
0.00
9931.40
6715.25
-20757.03
-11979.30
-16909.76
1974.59
00'0
688.55
654.90
-66.12
0.00
101
浙江磐安华电新能源有限公司
-16.24
0.00
35.89
-12429.80
-13403.50
-17948.22
-7600.45
-8174.88
-5705.37
-3941.27
598.08
220.07
152.64
-40.05
0.00
-7.57
0.00
8.36
-50323.73
102
浙江玉环华电风力发电有限公司
-13917.46
-45368.49
-126395.61
-106935.01
-52840.10
-72106.28
8048.46
2120.88
浙江浙能电力股份有限公司萧山发电厂
2881.55
-534.65
0.00
-141.64
0.00
137.80
103
-405050.54
0.00
0.00
1545.74
000
0.00
-3760.80
0.00
00'0
150.75
00'0
0.00
104
-7.46
0.00
41.25
-2030.53
浙江浙能嘉兴发电有限公司（光伏）
-3186.75
-14393.31
-3277.95
-5861.54
-3856.57
-4062.86
428.83
148.76
157.35
-28.72
浙江浙能嘉兴海上风力发电有限公司
0.00
105
-7.80
0.00
8.62
-33931.94
-147231.91
-94002.46
-187550.32
-318121.36
199772.69
321551.02
24089.68
13901.40
12543.47
浙江浙能乐清发电责任有限公司（光伏）
-1588.99
0.00
-619.24
0.00
49.50
-1219853.96
106
-693.46
-661.00
-571.80
189.26
-223.12
浙江浙能临海海上风力发电有限公司
-257.86
13.85
8.61
9.99
60-
00'0
os'0-
0.00
0.55
-2564.94
107
0.00
14.09
-136420.10
0.00
-66.46
-64932.79
0.00
2.56
2514.78
0.00
0.00
-124.73
0.00
272.64
-198740.00
108
浙江浙能长兴新能源有限公司
-15377.30
-6397.15
-7140.89
-21386.18
-14215.19
-10855.26
1564.62
548.32
420.41
-104.78
0.00
浙江浙能镇海发电有限公司
-20.85
0.00
23.04
-72941.21
601
290813.56
138130.17
188713.46
-86349.53
-34661.68
-108350.71
148030.26
52868.48
52058.89
-4956.87
浙江浙能中煤舟山煤电有限责任公司
00'0
-1291.02
0.00
2852.66
150445.31
-236924.17
231137.11
-149281.77
637857.67
110
-50384.06
-117369.11
220305.20
84175.14
85537.16
-7377.04
0.00
-2121.26
0.00
4687.16
浙江浙能中煤舟山煤电有限责任公司（光伏）
-2962.57
-3527.68
-4401.52
212829.68
111
-4186.89
-2417.43
-2128.25
306.32
93.25
82.42
-20.51
0.00
-4.09
0.00
4.52
浙能兰溪发电有限公司
-19162.44
112
-285793.62
-426324.46
-205990.04
257984.71
369693.82
-273298.60
261570.20
71278.43
95723.71
-8758.82
0.00
-2373.87
0.00
5245.35
-141043.19
113
浙能乐清发电有限公司
-2068228.40
-658869.38
-241941.17
1040724.66
637322.66
-5714.27
142167.58
76374.32
103305.16
浙能乐清发电有限公司（大崧）
-4760.56
0.00
-2561.89
0.00
0999
-976520.51
114
868252.96
665285.15
751423.53
-2173488.84
-672783.67
-1319898.88
182748.87
53924.96
83155.05
-6119.44
00'0
-2062.18
浙能镇海天然气发电有限公司
0.00
4556.62
-1565005.86
115
157808.24
313935.54
134388.10
1096547.70
492107.21
1327935.99
39534.15
27582.25
25490.34
-1323.82
00'0
632.14
镇海联合发电公司
0.00
1396.79
116
26139.39
-71181.89
8188.30
3614770.35
镇海天然气热电有限公司（热动中心）
-59227.07
135586.41
335390.60
4333.08
4067.60
4778.26
-145.10
0.00
-118.50
000
261.83
388072.94
117
-8300.62
44331.38
-37073.35
648811.96
-45180.99
594158.93
24912.40
3066.81
8148.43
-834.20
0.00
202.07
0.00
446.51
1232285.16
118
中电建（缙云）新能源有限公司
-1142.13
-980.40
-1643.17
-8127.21
-5746.82
-6008.15
594.59
221.67
232.69
-39.82
119
中广核（浙江三门）风力发电有限公司
0.00
-11.54
0.00
12.75
-20321.27
-22637.54
-28086.33
-37222.03
-30896.35
-24063.53
-23322.67
2260.39
928.20
903.26
-151.38
0.00
120
中广核新能源（象山）有限公司
-44.80
0.00
296.50
-159720.00
104133.68
-89042.60
170751.03
122256.53
-122498.73
-160277.59
9944.62
4973.09
中广核浙江岱山海上风力发电有限公司
6411.33
-435.19
00'0
-255.08
0.00
30.55
-748290.84
121
126659.26
-62092.34
-153001.40
236696.29
-247940.91
-218727.52
18779.15
10221.72
9200.04
中核苍南县昊昌新能源有限公司
-1231.52
0.00
-443.07
0.00
8.26
122
-1008583.15
-4.36
-9987.61
-1387.90
10346.64
-8816.99
-7572.27
756.97
340.10
293.27
-50.69
000
123
中核三门汇核新能源有限公司
-14.55
0.00
16.07
-36774.62
0.00
0.00
-5028.75
0.00
0.00
-7548.37
0.00
124
中节能（长兴）太阳能科技有限公司
0.00
292.34
0.00
0.00
-14.50
000
16.02
-2425.90
-1189.45
-12283.26
-5034.72
-17011.45
-11235.95
-8568.45
1244.57
433.40
331.85
-83.35
000
-16.46
00'0
34.92
125
溪洛渡
-43521.00
0.00
0.00
0.00
0.00
0.00
0.00
5009408.69
-1770297.45
-2160366.03
-28311.68
000
-4672.49
00'0
0.00
-8973056.35