--- 第 1 页 OCR ---
国家能源局浙江监管办公室文件
浙监能市场〔2024］6号
国家能源局浙江监管办公室关于发布浙江电网
2024年1-3月份“两个细则运行结果的通知
国网浙江省电力有限公司，浙江电力交易中心，各有关发电企业：
按照《华东区域发电厂并网运行管理实施细则》《华东区域
并网发电厂辅助服务管理实施细则》（简称“两个细则”）以及《国
家能源局浙江监管办公室关于开展宾金直流（溪洛渡部分）跨区
辅助服务补偿机制试点工作的通知》（浙监能市场［2015]10号）
要求，浙江电力调度控制中心对浙江电网2024年1-3月份“两个
细则”运行结果进行了统计和计算，有关发电企业对运行结果数
据进行了核对。国网浙江省电力公司按规定向我办报送了2024

--- 第 2 页 OCR ---
年1-3月份“两个细则"运行结果的明细清单。我办通过网站对
2024年1-3月份“两个细则"运行结果进行了公示。
根据“两个细则"规定，现正式发布浙江电网2024年1-3月
份“两个细则"运行结果（见附件）。请国网浙江省电力有限公司、
浙江电力交易中心、各有关发电企业据此通知，将“两个细则”
运行结果连同2024年5月份电费一并进行结算。
附件：2024年1-3月考核、补偿总结算表
浙江傲
2024年5月31日
国家能源局浙江监管办公室综合处
2024年5月31日印发
-2一

--- 第 3 页 OCR ---
356.26
6116.82
-25223.80
-38177.57
-31748.04
1278.87
1993.07
880.38
-77.68
-138.43
0.00
0.00
1.74
-90782.22
15
大唐（杭州富阳）新能源有限公司
-1100.77
-465.02
59.74
-2812.72
4845.89
-4792.63
136.64
239.24
124.04
-8.34
-16.73
0.00
0.00
0.25
-13601.68
16
大唐（瑞安）新能源有限公司
-1131.09
-653.63
-539.46
-3135.02
-5704.47
-3426.14
152.29
281.63
88.67
-9.29
-19.69
00'0
0.00
0.18
-14096.02
17
大唐江山热电有限公司
43289.80
55760.47
75688.65
86058.94
-119072.48
117685.28
7562.05
11115.20
2945.07
-230.66
-388.60
0.00
0.00
5.83
280419.55
18
大唐太阳能产业（丽水）有限公司
-5057.42
-2343.33
-4253.27
-8601.28
-16709.18
-10414.87
417.83
824.92
274.44
-25.49
-57.68
0.00
0.00
0.54
-45944.79
19
国电电力浙江舟山海上风电开发有限公司
-133228.02
23449.71
-100544.75
11536.52
-336189.50
-7300.86
5987.95
22420.82
3163.57
-274.20
-1299.44
0.00
0.00
6.26
-512271.92
20
国电湖州南诗天然气热电有限公司
45238.81
58144.26
-20230.31
160147.74
-93145.61
191817.36
7553.16
12549.13
4098.62
-230.39
-438.73
00'0
0.00
8.11
365512.15
21
国电象山海上风电有限公司
-381262.25
109334.27
-273810.83
182382.07
-854220.42
-253903.92
12431.24
46357.24
8533.52
0959-
-2845.92
0.00
0.00
16.89
-1772408.28
22
国家电投集团桑尼安吉新能源有限公司
-22141.04
-268500.30
-2607.98
-6662.44
-6322.61
-7369.17
323.64
312.14
190.72
-19.74
-21.83
0.00
0.00
0.38
-312818.23
23
国家电投集团胜科武义新能源有限公司
-5420.36
-242288.40
-1423.79
-6138.22
7401.46
-7959.41
298.18
365.41
205.99
-18.19
-25.55
0.00
0.00
0.41
-269805.40
24
国能（浙江开化）能源有限公司
-4859.07
-2401.79
-2724.54
-5965.75
-4361.30
-7539.88
289.80
215.32
195.14
-17.68
-15.06
00'0
0.00
0.39
-27184.43
25
国能浙江北仑第一发电有限公司（光伏）
0.00
0.00
0.00
0.00
0.00
0.00
0.00
0.00
0.00
0.00
0.00
00'0
0.00
0.00
0.00
26
国能浙江宁海发电有限公司（光伏）
-4046.19
-976.75
-1099.98
-7679.15
-1811.15
-6785.31
373.03
89.42
175.61
-22.76
-6.25
0.00
0.00
0.35
-21789.14
27
杭州舒能电力科技有限公司
-4942.74
-5428.83
-7465.26
-15843.02
-21535.49
0.00
769.61
1063.20
0.00
-46.95
-74.34
0.00
0.00
0.00
-53503.81
28
杭州下沙热电有限公司
48885.39
112904.83
115669.31
20540.66
6592.52
401929.30
8298.50
20565.00
4833.80
-253.12
-718.97
00'0
0.00
9.57
726071.73
29
湖州宏晖光伏发电有限公司
6202.22
6579.87
2543.06
-11749.35
-17613.00
-13489.23
570.75
869.58
352.44
-34.82
-60.80
0.00
0.00
0.70
-56478.87
30
湖州南海万投太阳能电力有限公司
-3068.61
-1497.60
938.19
-10056.76
-16826.26
-11964.76
488.53
830.70
309.65
-29.80
-58.08
0.00
0.00
0.61
40934.18
31
湖州吴兴盛林电力有限公司
-2788.43
-900.74
3657.59
-15367.93
-22529.58
-18542.68
746.54
1112.27
479.89
-45.54
-77.77
0.00
0.00
0.95
-54255.43
32
湖州祥晖光伏发电有限公司
-6962.02
-5432.43
-95709.70
-18713.46
-30818.33
-22408.25
909.05
1521.48
579.94
-55.46
-106.39
0.00
0.00
1.15
-177194.42
33
华电江东然气热电有限公司
129627.54
265982.36
273613.32
849077.93
771155.87
1527022.99
21976.77
64509.46
12048.66
-670.34
-2255.31
0.00
0.00
23.85
3912113.10
34
华电龙游然气发电有限公司
59174.16
157777.44
108299.80
316591.29
331534.82
428083.14
10569.91
30703.67
4072.67
-322.40
-1073.43
0.00
0.00
8.06
1445419.11
35
华电浙江江山新能源有限公司
-7769.77
-3957.57
-9237.74
-4371.76
-7135.64
-5259.83
212.37
352.28
136.13
12.96
-24.63
0.00
0.00
0.27
-37068.84
36
华能（浙江）能源开发有限公司玉环分公司
-34706.58
-14472.17
1573.46
-30055.53
-21264.27
-15060.84
1460.02
1961.51
785.50
-89.07
-127.89
0.00
0.00
1.55
-109994.30
37
华能（浙江岱山）海上风电有限公司
0.00
0.00
-21259.84
0.00
0.00
-9970.35
0.00
0.00
258.04
00'0
0.00
0.00
0.00
0.51
-30971.64
38
华能桐乡燃机热电有限责任公司
59454.06
52705.02
11492.48
351823.75
-29578.77
501915.01
9945.43
16792.10
6112.79
-303.36
-587.07
0.00
0.00
12.10
979783.54
39
华能玉环发电厂
1086232.54
985010.00
1568705.05
-1418582.29
-1186751.27
605188.21
247849.62
299314.29
97354.40
-7559.92
-10464.32
0.00
0.00
192.69
华能长兴电厂
1056112.58
40
422455.13
-30141.86
135308.33
139664.69
-304047.36
-188054.63
79267.91
121203.77
38110.39
2417.83
-4237.40
0.00
0.00
75.43
127857.18
41
华能浙江苍南海上风电（苍海场）有限责任公司
-120513.76
144.91
-83937.89
-142416.17
-360275.52
-149404.19
6918.22
17794.43
3879.28
-422.04
-1242.10
0.00
0.00
7.68
-829467.15
42
华能浙江苍南海上风电有限责任公司
-116547.44
56847.89
-84417.11
-236264.56
-607907.34
-213695.92
11511.44
30131.33
5638.60
-701.67
-2102.19
0.00
0.00
11.16
-1157495.80
43
华能浙江平湖海上风电有限责任公司
-128741.63
12851.47
-61978.14
-18258.59
-349545.26
-72052.23
6575.48
21932.32
3762.29
-328.14
-1356.57
0.00
0.00
7.45
-587131.55
44
华润苍南电厂
647227.25
146487.62
491261.26
-788028.66
243634.41
-395495.27
121844.19
32031.94
46557.66
-3716.50
-1119.87
0.00
0.00
92.15
540776.20
45
华润海上风电（苍南）有限公司
-87225.14
-25651.65
-76753.17
-197404.07
-491386.50
-182789.27
9628.65
24259.49
4730.69
-586.83
-1696.27
0.00
0.00
9.36
-1024864.72
46
华润新能源（岱山）有限公司
-8473.29
-6509.15
-126.22
-19248.84
-30095.26
-25735.55
935.06
1485.79
666.05
-57.04
-103.89
0.00
0.00
1.32
-87261.04
47
善舒能新能源科技有限公司（含II期嘉善风凌）
-3418.10
-1964.60
3013.10
-21101.36
-32078.93
-25700.24
1025.05
1583.72
665.14
-62.53
-110.74
0.00
0.00
1.32
-78148.18
48
嘉兴德源节能科技有限公司
-4568.73
-3275.83
625.20
-10328.90
-18004.29
-10784.27
501.75
888.86
279.10
-30.61
62.15
0.00
0.00
0.55
-46009.70
49
嘉兴发电有限公司
205623.58
48391.69
-358569.82
171563.26
24489.79
133461.75
36291.60
63898.21
15876.76
-1106.97
-2233.94
0.00
0.00
31.42
240933.96
50
江山正泰林农光伏发展有限公司
-16784.04
-7323.63
-6530.05
44470.31
9121.00
59706.93
1419.48
1969.02
906.50
-71.72
-125.35
0.00
0.00
1.79
86760.25
51
金华燃机发电有限公司
16040.28
18515.43
58203.74
45757.72
6199159-
195025.96
2670.66
3217.22
2793.91
-81.46
-112.48
0.00
0.00
5.53
开化龙翔新能源有限公司
276870.31
-12967.96
-1756.53
32.52
-8757.55
-12812.43
-9864.86
425.86
632.54
264.27
-25.98
44.23
0.00
0.00
0.52
-44873.81
53
兰溪绿能太阳能科技有限公司
-2986.25
-784.52
1250.25
-10610.19
-14590.72
-13094.83
515.42
720.34
338.90
-31.44
50.37
0.00
0.00
0.67
-39322.74
54
兰溪市晶科电力有限公司
-802.17
-349.82
220.77
-3026.72
-5071.92
-3750.90
147.03
250.40
97.08
-8.97
-17.51
0.00
0.00
0.19
-12312.54
55
乐清正泰光伏发电有限公司（光伏）
-15004.78
-1097.64
1690.16
-31011.20
-47046.76
-32922.50
1506.45
2322.67
852.05
-91.90
-162.41
0.00
0.00
1.69
-120964.17
56
龙源磐安风力发电有限公司
35099.73
29473.16
-42217.99
-19117.77
-47261.26
28356.34
928.69
2333.26
733.88
-56.65
-163.15
0.00
0.00
1.45
-197748.76
57
宁波溪口抽水蓄能电站
15521.24
33228.00
30906.45
27245.15
-36940.93
37672.53
2562.70
5773.66
1096.21
-78.17
-201.85
0.00
0.00
2.17
116787.15
58
宁波镇海岚能新能源科技有限公司（岚能）
-12544.77
-7269.98
-2515.51
-16635.96
-26926.92
-25167.21
976.33
1421.51
656.14
-58.69
-98.78
0.00
0.00
1.30
-88162.53
59
宁波镇海岚能新能源科技有限公司（凌光）
-5246.29
-4685.55
2066.05
-8054.07
-16865.31
-18683.97
709.59
979.25
483.55
-41.64
-67.54
0.00
0.00
0.96
-49404.97
60
宁海新电电力开发有限公司
-4326.90
2289.76
3858.75
-24759.71
-36817.66
-25884.59
1202.76
1818.22
16699
-73.37
-127.13
0.00
0.00
1.33
-82148.63
61
秦山核电公司
27950.03
224127.57
220147.85
536617.40
1320313.14
514666.03
26110.46
58998.95
13319.84
-1590.97
-2062.66
0.00
0.00
26.36
836057.14
62
青田三溪口水电公司
5121.90
51719.61
43719.33
29762.08
-129698.24
-36205.99
902.10
8986.74
2291.42
-27.52
-314.19
0.00
0.00
4.54
-23738.23
63
衢州杭泰光伏发电有限公司
-8160.04
-7012.81
-6579.08
15789.98
4458.02
19918.20
716.40
1111.27
482.32
-39.81
-72.91
0.00
0.00
0.95
20612.49
64
衢州禾和新能源科技有限公司
-11548.53
-9519.29
-9476.21
-9595.65
-14025.17
-14200.11
466.13
692.42
367.51
-28.44
-48.42
0.00
0.00
0.73
-66915.03
65
衢州普星天然气有限公司
18368.92
43188.86
42808.60
-34441.70
-152005.85
196899
3277.91
7504.45
1601.39
-99.98
-262.36
0.00
0.00
3.17
-106952.74
66
瑞安市华博新能源有限公司
-2238.36
-1061.64
-247.98
968059-
-11665.54
-7250.38
316.19
575.92
187.64
-19.29
-40.27
0.00
0.00
0.37
-27952.30
67
三门核电有限公司
212592.79
1722956.39
6601991
-4062409.34
1789636.65
-3841528.31
197370.57
452781.57
99421.32
-12039.08
-15829.68
0.00
0.00
196.78
-1800746.41
68
神华国华（舟山）发电有限责任公司（二期）
220005.70
18260.05
-102125.00
101031.74
-181222.13
20478.24
44047.77
82126.53
22342.56
-1343.55
-2871.22
0.00
0.00
44.22
220774.91
69
石塘水电厂
3092.99
18532.27
29487.31
-29883.82
3817.85
510.68
3450.13
936.41
-15.58
-120.62
0.00
0.00
1.85
49665.30
70
台塑集团热电（宁波）公司
2853.88
0.00
-343143.29
49854.49
0.00
68274.12
471.20
0.00
1.63
-14.37
0.00
0.00
0.00
0.00
-221702.35
71
台州第二发电厂
651266.72
311794.91
595459.93
-250844.23
-530340.40
-203232.11
118747.93
179621.00
62745.67
3622.06
-6279.72
0.00
0.00
124.19
925441.81
台州电厂（四期）
196603.35
-181198.38
-543126.52
240667.84
682255.58
157761.11
36385.77
30799.31
14298.65
-1109.84
-1076.77
0.00
0.00
28.30
632288.39

--- 第 4 页 OCR ---
75
塘根二级电站（非统调-丽水遂昌）
0.00
0.00
0.00
0.00
0.00
0.00
0.00
0.00
0.00
0.00
0.00
-941.67
76
温岭市宏阳新能源开发有限公司
0.00
0.00
-5363.88
0.00
0.00
-4146.36
0.00
0.00
107.31
0.00
0.00
0.00
0.00
0.21
-9402.72
77
温州发电有限公司
616672.63
-1883840.95
-1141551.54
186695.21
728769.84
189189.09
110946.20
97268.50
58467.47
-3384.09
-3400.60
0.00
0.00
115.72
-1044052.51
78
温州乐泰光伏发电有限公司
-49698.75
-26605.50
7209.44
-25212.80
-55900.14
-35717.93
1224.78
2759.76
924.40
-74.72
-192.97
0.00
0.00
1.83
-181282.60
79
温州燃机发电公司
26864.54
-5758.03
-31446.57
64226.24
48937.70
-44900.52
4469.45
12862.38
1162.05
-136.33
449.68
0.00
0.00
2.30
75833.54
08
温州珊溪水电厂
8886.71
-27744.05
27080.63
46042.86
36341.58
50098.48
1890.63
4238.48
1161.51
-57.67
-148.18
0.00
0.00
2.30
147793.28
81
温州泰瀚新能源开发有限公司
-22129.34
-3259.59
-18657.21
-103511.15
-182228.27
-137564.74
5028.31
8996.51
3560.25
-306.75
-629.05
0.00
0.00
7.05
-450693.99
82
温州特鲁莱发电有限公司
190988.26
-257990.40
-723943.26
630967.84
-422040.83
212812.67
34399.32
62808.53
19175.46
-1049.25
-2195.85
0.00
0.00
37.95
256029.54
83
乌溪江水电厂
18357.76
69911.72
76777.12
51858.72
-73190.77
-1497.83
4976.54
13986.11
3542.47
-151.79
-488.97
0.00
0.00
7.01
164088.08
84
象山大唐（大涂）新能源有限公司
-14515.29
-9878.60
-1636.94
63925.95
99264.62
68330.17
3105.36
4900.64
1768.42
-189.44
-342.66
0.00
0.00
3.50
-248305.74
85
象山大唐新能源有限公司
-998.46
-24084.10
-1811.75
-3528.96
-7040.06
-8574.37
171.43
347.56
221.91
-10.46
-24.30
0.00
0.00
0.44
-45331.13
86
萧山发电厂（天然气）
40097.36
175128.19
135278.00
35661.84
444573.25
859447.60
7081.56
42357.95
7535.41
-216.00
-1480.87
0.00
0.00
14.91
1745479.19
雄亚（温岭）新能源有限公司
-35750.50
-15871.71
-24077.38
-9760.36
-28364.94
-24085.73
1051.69
1400.36
623.35
-60.60
-97.92
0.00
0.00
1.23
-134992.51
88
鱼山石化
0.00
0.00
0.00
0.00
0.00
0.00
0.00
00'0
0.00
0.00
0.00
0.00
0.00
000
0.00
玉环县晶科电力有限公司（含I期玉环品能）
-18344.13
5866601-
-3952.16
-13433.84
-44486.62
-41613.95
2136.15
2782.42
1127.52
-125.68
-192.44
0.00
0.00
2.23
-127040.35
06
长兴发电有限公司
268793.82
-515513.69
-1330475.82
364205.56
262458.13
217052.43
73294.20
93919.15
29441.13
-2235.62
-3283.50
0.00
0.00
58.27
-542285.94
16
长兴和平华电风力发电有限公司
-24044.73
-48156.38
-409307.11
-25530.06
-45515.84
-28055.59
1240.19
2247.09
726.09
-75.66
-157.12
0.00
0.00
1.44
-576627.68
92
长兴天然气热电有限公司
97369.94
61312.62
65095.12
784913.86
11867.86
186213.58
20375.29
27616.02
16687.72
-621.49
-965.48
0.00
0.00
33.03
1269898.08
93
浙江阿波溪仑光伏科技有限公司
-2578.78
-1624.35
-2249.96
11167.51
-19088.33
-13529.72
542.49
942.38
350.16
-33.09
-65.89
0.00
0.00
0.69
-48501.92
94
浙江大唐国际江山新城热电有限责任公司
9694.25
-6386.22
-3661.25
-10986.16
-17235.08
-14302.15
543.10
850.89
371.07
-32.93
-59.50
0.00
00'0
0.73
-60591.75
浙江大唐乌沙山发电厂
428008.54
-8959.03
119858.70
257089.19
760448.62
-1229098.34
77078.44
114766.15
78272.15
-2351.05
4012.34
0.00
0.00
154.92
591255.95
浙江德能天然气发电有限公司
6115.79
17038.65
13341.38
5007.47
-34381.59
-19197.23
1019.36
3172.34
496.84
-31.09
-110.91
0.00
0.00
0.98
-17542.96
97
浙江鼎峰风电投资开发有限公司
-36880.71
-22843.38
-15820.94
-23661.56
-42428.57
-29916.30
1173.23
3053.11
951.35
-71.32
-190.52
0.00
0.00
1.88
-166633.73
98
浙江丰源水电公司
1563.24
8637.31
6178.40
-5313.25
-30399.55
-11139.21
258.10
1500.81
288.29
-7.87
-52.47
0.00
0.00
0.57
-28485.63
99
浙江国华余姚天然气发电有限公司
198194.84
240194.42
335967.43
1747441.42
926821.47
1772572.34
34261.86
60287.93
14096.97
-1045.06
-2107.72
0.00
0.00
27.90
5326713.78
001
浙江国华浙能发电有限公司
-73269.74
600029.67
-309252.97
345097.75
903953.70
-176021.98
149263.38
60183.56
64097.87
-4552.84
-2104.08
0.00
0.00
126.87
-332703.66
101
浙江国华浙能发电有限公司（胜龙电厂）
737097.39
638234.76
744189.54
-1052575.97
-1946593.15
-1047308.90
128151.66
227865.94
64647.52
68806
-7966.41
0.00
0.00
127.96
-1518038.56
102
浙江恒鑫电力有限公司（非统调-衢州龙游）
0.00
0.00
0.00
0.00
0.00
0.00
0.00
0.00
0.00
0.00
0.00
0.00
-500.52
0.00
-500.52
C01
浙江嘉华发电有限公司
1387317.00
-296763.60
-1184042.61
98217.26
726690.82
-1327188.13
267634.00
317543.45
148158.17
-8163.39
-11101.63
0.00
0.00
293.25
118594.59
104
浙江巨宏热电有限公司
0.00
0.00
0.00
0.00
0.00
0.00
0.00
0.00
0.00
0.00
0.00
0.00
0.00
0.00
0.00
105
浙江蓝天天然气发电有限公司
5979.71
15476.97
13191.12
-20324.32
-48657.44
-19197.23
987.30
2696.33
496.84
-30.11
-94.27
0.00
0.00
0.98
-49474.12
106
浙江磐安华电新能源有限公司
-8065.52
-6016.13
-10146.53
-4309.68
-9021.75
-5574.86
209.35
445.40
144.28
-12.77
-31.14
0.00
0.00
0.29
-42379.06
107
浙江庆元中能绿电风电有限公司
-1943.23
-2546.52
-8009.41
-889.01
-3922.73
-4226.90
43.19
99661
109.39
-2.63
-13.54
0.00
00'0
0.22
-21207.53
801
浙江衢州华电福新新能源有限公司
0.00
0.00
-808.29
0.00
0.00
-546.60
0.00
0.00
14.15
0.00
0.00
0.00
-1674.11
0.03
-3014.83
109
浙江玉环华电风力发电有限公司
-72711.24
-44278.05
-15390.83
-57943.85
-196539.98
-62896.25
2937.67
9784.06
1699.13
-177.84
-681.46
0.00
0.00
3.36
-436195.28
110
浙江浙能电力股份有限公司萧山发电厂
3014.98
7290.85
7203.24
-7216.79
-22378.13
-7724.61
497.80
1266.85
282.55
-15.18
-44.29
0.00
0.00
0.56
-17822.19
111
浙江浙能嘉兴发电有限公司（光伏）
-3723.34
-3662.44
00099-
-5186.39
-5076.39
-6736.48
251.94
250.62
174.34
-15.37
-17.52
0.00
0.00
0.35
-24400.72
ZUI
浙江浙能嘉兴海上风力发电有限公司
-288681.38
5956.87
9916081-
321278.63
-1076915.96
1119051.24
15671.89
53813.10
8962.23
-954.06
-3702.68
0.00
0.00
17.74
-506151.32
113
浙江浙能乐清发电责任有限公司（光伏）
581.78
-358.10
-506.22
-309.31
-597.79
-211.32
15.03
29.51
5.47
-0.92
-2.06
0.00
0.00
0.01
-2517.48
114
浙江浙能临海海上风力发电有限公司
-133686.06
1311.04
-92284.08
-126683.53
-479419.56
-131557.58
6200.71
23668.68
3405.35
-374.50
-1654.96
0.00
0.00
6.74
-931067.76
115
浙江浙能长兴新能源有限公司
-8675.69
-7670.52
-3788.34
-14921.93
-20208.12
-17802.50
724.87
997.66
460.74
-44.22
-69.76
0.00
0.00
0.91
-70996.89
116
浙江浙能镇海发电有限公司
380971.62
699
-93563.86
-53418.85
249870.12
-112880.82
71427.66
95541.85
39751.86
-2178.69
-3340.24
0.00
0.00
78.68
648959.11
L11
浙江浙能中煤舟山煤电有限责任公司
620720.07
-55762.95
221599.77
567793.32
-721885.10
-215162.98
129052.37
82118.41
32726.04
-3936.36
-2870.94
0.00
0.00
64.77
-481130.22
118
浙江浙能中煤舟山煤电有限责任公司（光伏）
-3155.25
-2407.30
-3787.17
-1782.77
896997
-2446.75
86.60
131.80
63.32
-5.28
-9.22
0.00
0.00
0.13
-15981.56
119
浙能兰溪发电有限公司
439236.25
250954.87
-691470.93
461722.15
577632.81
-97800.90
145249.77
207197.63
77518.57
-4430.42
-7243.83
0.00
0.00
153.43
1358719.41
120
浙能乐清发电有限公司
746754.56
906677.13
-1070649.12
193948.55
42394.66
325265.69
142715.00
229839.13
67247.24
-4353.10
-8035.40
0.00
0.00
133.10
-241416.83
121
浙能乐清发电有限公司（大崧）
589443.44
-2055877.86
1154144.77
-312354.13
72327.28
-425775.61
108720.82
99136.13
60502.08
-3316.21
-3465.89
0.00
0.00
119.75
-716395.44
122
浙能镇海天然气发电有限公司
-6461.64
49538.04
101461.02
1235925.38
307978.39
1182522.96
24882.89
49429.85
9491.29
-758.98
-1728.12
0.00
0.00
18.79
2952299.88
123
镇海联合发电公司
17894.91
-1553.12
-24007.13
215424.00
175703.50
262186.65
5754.56
21395.15
2994.86
-175.53
-748.00
0.00
0.00
5.93
674875.79
124
镇海天然气热电有限公司（热动中心）
56998.18
12680.31
-74752.47
306311.51
671787.43
483800.95
9555.88
47169.16
5413.45
-291.47
-1649.08
0.00
0.00
10.71
1517034.55
125
中电建（缙云）新能源有限公司
3303.72
-1541.53
-163.59
-6482.16
-11555.40
-8236.79
314.89
570.48
213.17
-19.21
6866-
0.00
0.00
0.42
-30243.33
126
中广核（嵊泗）新能源有限公司
60.42
527.68
-2740.50
-1055.09
-2881.93
-1646.75
51.25
142.28
42.62
-3.13
-9.95
0.00
0.00
0.08
-7513.02
127
中广核（浙江三门）风力发电有限公司
-38122.91
-38428.00
-50193.52
26007.67
-64373.52
-31751.75
1263.39
3178.09
821.75
-77.07
-222.22
0.00
0.00
1.63
-243911.82
128
中广核新能源（象山）有限公司
269016.57
39898.27
-105332.64
146375.25
-567419.54
-133783.01
7437.20
28232.70
3874.39
364.81
-1773.53
0.00
0.00
7.67
-1144615.12
129
中广核浙江侨山海上风力发电有限公司
-199461.79
140469.63
-114284.05
-174164.86
-901918.47
-202446.93
11864.27
46204.43
6547.91
663.15
-3127.82
0.00
0.00
12.96
-1390967.88
001
中核苍南县吴昌新能源有限公司
-1917.61
106.28
1444.58
-9292.82
-15761.83
-10084.11
451.42
778.15
260.98
-27.54
54.41
0.00
0.00
0.52
-34096.38
131
中核三门汇核新能源有限公司
-4263.41
-1715.82
-753.06
-15053.84
-22520.07
-15496.74
731.28
1111.80
401.06
-44.61
-77.74
0.00
0.00
0.79
-57680.34
132
中节能（长兴）太阳能科技有限公司
-5009.17
-4795.27
-1740.73
-11592.66
-15953.26
-11058.41
563.14
787.60
286.20
-34.35
-55.07
0.00
0.00
0.57
-48601.42
溪洛渡
0.00
0.00
0.00
0.00
0.00
000
-3088683.20
-4602307.68
-1574458.57
-10329.05
-17448.12
00°0
0.00
0.00
-9293226.62