--- 第 1 页 OCR ---
国家能源局浙江监管办公室文件
浙监能市场【2024］11号
国家能源局浙江监管办公室关于发布浙江电网
2024年7-9月份两个细则运行结果的通知
国网浙江省电力有限公司，浙江电力交易中心，各有关发电企业：
按照《华东区域发电厂并网运行管理实施细则》《华东区域
家能源局浙江监管办公室关于开展宾金直流（溪洛渡部分）跨区
辅助服务补偿机制试点工作的通知》（浙监能市场（2015）10号）
要求，浙江电力调度控制中心对浙江电网2024年7-9月份“两个
细则”运行结果进行了统计和计算，有关发电企业对运行结果数
据进行了核对。国网浙江省电力公司按规定向我办报送了2024
一1一

--- 第 2 页 OCR ---
年7-9月份“两个细则"运行结果的明细清单。我办通过网站对
2024年7-9月份“两个细则”运行结果进行了公示。
根据“两个细则"规定，现正式发布浙江电网2024年7-9月
份“两个细则"运行结果（见附件）。请国网浙江省电力有限公司、
浙江电力交易中心、各有关发电企业据此通知，将“两个细则”
运行结果连同2024年11月份电费一并进行结算。
附件：2024年7-9月考核、补偿总结算表
局浙江
监
国家能源局浙江监管办公室
2024年12月小
国家能源局浙江监管办公室综合处
2024年12月11日印发

--- 第 3 页 OCR ---
（岭）
5155.31
19377.3
5424.63
1339.35
2211.62
83730.63
7111.69
7360.95
58816.5
848.89
22.46
977.6
911.56
有限
34.0
4335.43
5166.7
24349.5
8456.22
6654.0
128.48
78.67
379.8
421.3
643.6
9434.6
33.3
北源有限公司
46.
749.8
231.
19.55
1236.29
83.60
198.11
907.3
享林农光伙发展有限
832.
2211.75
7748.99
0113.48
98945.67
113281.8
453.56
22.8
75.7
0236.0
74.1
国天和新能海科技有限公司
551.48
154.6
542.
8O.
五环类热行电力有限公司（告扫明
环品轮）
2789.
927.6
4703.94
54943.3
16208.32
17508.69
6866.35
9053.4
869.4
13.4
州杭泰光优发电有限公司
715.1
673.22
5746.0
4468.35
39.9
04.8
318.9
799.5
中波镇电池
能能科技有限
801.9
846.
26425.56
0502.44
18932.0
479.
16.6
30.
5919.81
乐湾正馨光优
364.98
562.44
2106.63
22180
614.4
5565.74
101M.7
2246.18
2876.8
250.7
887.
4063.0
V2.9
11460.52
同《光优）
5558.39
2973.9
3323.65
51.1
1144.6
161.
49.7
2216.88
316.17
7158.5
州岭大阳能科技有限公
394.6
1387.39
5775.58
0313.1
07.6
154.
45.7
03.54
49.7
317.47
680.63
0581.36
513.1
81
2114.0
9156.13
17618.33
5191.A
183.2
95.
899.54
8
117.11
5838.94
1941.0
97.9
820.4
58026.86
1799.3
34.7
1057.0
548.88
29.1
州好能
17769.58
21468.36
$581.0
041.
61.6
112.3
688.76
8197.2
367.36
97.A
07.A
766J
1582.46
763.4
86968.97
246.
961.9
66.4
13.5
933.5
859.3
2392.67
8071.83
3167.8
84.1
273.2
953312.2
99
045.8
89.9
232.0
005.18
583.9
126.0
638.5
18.3
0.
90
89.00
$0.4%
414.9
技有限公司
99.7
12425.38
22.7
478.2
923.81
066.7
9594.16
11584.1
长新能询有限公司
6281.4
725.61
4308.0
133.8
61.3
1435.0
10.2
591.0
93
3476.15
4860.18
9047.24
21.4
080.1
084.47
电址（
2173.90
20912.75
3421.34
4949.7
17784
11.5
1135.7
31.4
50.11
566.5
21225.51
47.3
6781.18
I!.
798.9
119.9
35.2
20.84
43.2
90375.15
2935.84
5050.01
882.4
12363.68
31955.29
14248.35
8839.37
23605.7
208.10
2012.1
24.3
94.4
190.8
193285.99
8408.51
P1129.01
26990.5
11613.2
810.8
690.9
28474.71
67.0
983.00
06.5
6003.44
586.
18041.42
4147.14
11850.44
6404.69
99822
1172.
5719.
74.6
1455.2
288.9
576.8
8422.18
2902.86
10
3915.9
133175.8
4256.
258.6
195.6
HI8.2
79
654.85
5693.68
02435.50
2381.
25626.5
850806.55
18527.8
3177.0
629.2
797.8
431.8
1753.8
8784.6
483.5
7431.7
4134.0
2364.2
22685.29
23557.47
3267.
9450.8
17167
6933.8
1131.9
208.4
301.2
458.2
985.7
131.9
13517.8
546.8
536.94
电
电有际
27664.4
40193.74
018.3
5970.3
41.2
H0.3
536.98
3461.2
47946.39
90700,15
99574.89
FE
南海上风电有限
56.1
189354.14
102186.20
297648.7
96408.48
19415.22
0130.9
281.
新能频有所
VEIEIC
32384.35
15813.53
171664.7
4.5
984.8
2129.67
474A
224
65.49
7369.
4534.4
8168.85
7164.
2210.
19367.1
81514.37
64818.2
112391.96
大唐（杭州高阳）
200.18
7591
3851.4
1411.43
11065.27
11464.61
171

--- 第 4 页 OCR ---
47.0
8360.30
8577.14
72.90
040.3
97EO
943.4
163.
5100.
7.
00.
945.3
6.8