序号 电厂 10月考核结算费用 11月考核结算费用 12月考核结算费用 10月补偿结算费用 11月补偿结算费用 12月补偿结算费用 10月溪洛渡分摊费
用
11月溪洛渡分摊费
用
12月溪洛渡分摊费
用
10月盈余分摊
(现货市场)
11月盈余分摊
(现货市场)
12月盈余分摊
(现货市场)
10月未进入商运调
试电量分摊费用
11月未进入商运调
试电量分摊费用
12月未进入商运调
试电量分摊费用
10月未进入商运调
试电量分摊费用返
还
11月未进入商运调
试电量分摊费用返
还
12月未进入商运调
试电量分摊费用返
还
总结算费用
1 浙江浙能北仑发电有限公司 295191.24 5858.38 50030.82 -436332.20 -217127.45 75652.42 67960.81 19487.41 30933.06 155691.78 93079.61 -349889.01 0.00 0.00 0.00 116114.04 424 87.59 20996.13 -29865.37
2 国电浙江北仑第一发电有限公司 167612.79 14832.81 -24596.36 202561.87 -94720.07 64919.75 35223.03 8942.03 20659.45 98429.89 43330.65 -204604.76 0.00 0.00 0.00 63462.50 19495. 93 14022.82 429572.31
3 国电浙江北仑第三发电有限公司 505522.89 364211.77 399759.97 -671583.04 -494049.67 -52608.96 79654.26 32949.81 45606.90 205739.49 161280.83 -491276.57 0.00 0.00 0.00 132559. 09 71839.09 30956.15 320562.00
4 华润苍南发电厂 60180.42 126984.84 16492.20 -578558.18 -499796.58 50231.24 76475.00 32999.46 41312.74 186585.91 157587.84 -440781.95 0.00 0.00 0.00 129013.23 7 1947.34 28041.45 -541285.04
5 曹娥江热电厂（滨海电厂） 168504.12 183225.45 118684.47 -228550.34 -162387.89 -1390.39 20903.64 8860.20 12024.66 63693.14 46252.79 -130481.75 0.00 0.00 0.00 35704.25 193 17.52 8161.87 162521.74
6 浙江浙能长兴发电有限责任公司 -236973.21 -332026.78 -211179.43 -220305.55 -188553.88 70230.51 28938.52 14178.05 23136.16 84575.11 70272.87 -260927.14 0.00 0.00 0.00 56298.8 5 30911.81 15703.91 -1055720.21
7 华能国际电力股份有限公司长兴电厂 -1028289.81 -422422.13 -232331.44 -364433.76 -345248.29 57560.73 41622.04 20393.26 27435.94 122638.28 101467.28 -282317.81 0.00 0.00 0.00 7129 0.90 44462.57 18622.43 -2169549.80
8 浙江嘉华发电有限公司 383188.67 478571.77 245248.20 -404022.48 -531814.17 75047.26 142960.08 50079.38 97629.11 420474.02 306647.54 -1030048.96 0.00 0.00 0.00 247974 .29 109185.98 66266.77 657387.46
9 浙江浙能嘉兴发电有限公司 -95789.58 -146354.75 33728.64 309525.42 -104073.62 55888.68 19524.12 9194.18 11540.64 57399.38 47795.80 -138639.55 0.00 0.00 0.00 34122.58 2004 5.68 7833.33 121740.93
10 浙江巨宏热电有限公司 0.00 0.00 0.00 0.00 0.00 0.00 0.00 0.00 0.00 0.00 0.00 0.00 0.00 0.00 0.00 0.00 0.00 0.00 0.00
11 浙能兰溪发电有限公司 -976421.42 -614589.59 -681760.76 -92276.33 -490707.76 229182.54 75899.74 30270.75 39868.54 213360.00 145092.12 -493056.91 0.00 0.00 0.00 13411 3.09 65998.04 27061.19 -2387966.75
12 舟山发电厂 -216405.96 -147996.82 -1377314.36 -329307.51 -734807.51 -388690.44 54910.66 21242.77 26021.20 78511.25 119341.13 -407327.85 -817803.07 0.00 0 .00 88056.93 46314.72 17662.16 -3967592.69
13 浙江浙能中煤舟山煤电有限责任公司 -226038.28 -198150.77 35859.83 -1237197.82 -1173795.19 -642034.81 115203.32 58277.54 77478.68 279066.21 243266.25 -868543.79 -669111.62 -700 457.56 0.00 191841.29 127060.08 52589.45 -4534687.20
14 浙江浙能台州第二发电有限责任公司 178084.92 266150.69 172046.32 30646.91 -414614.74 59222.65 67372.37 32042.37 41372.95 199413.97 154977.57 -460212.21 0.00 0.00 0.00 118560.35 6 9860.65 28082.32 543007.08
15 浙江国华浙能发电有限公司（强蛟） 750702.65 468707.95 636481.08 -1074499.36 -675462.81 -5719.41 89356.79 38213.34 50439.20 275753.24 205275.01 -597976.10 0.00 0.00 0.00 150925. 99 83314.95 34236.13 429748.65
16 浙江国华浙能发电有限公司（胜龙） 47026.74 201802.93 496818.36 -453227.20 -364651.04 51313.51 43721.22 17565.17 44203.43 115444.35 85938.55 -452137.99 0.00 0.00 0.00 87836.23 38 296.60 30003.53 -10045.62
17 台塑集团热电（宁波）公司 0.00 -46133.79 -9811.42 73674.75 37052.35 62352.75 385.69 56.39 329.98 0.00 0.00 0.00 0.00 0.00 0.00 1008.45 122.95 223.98 119262.08
18 台州五期 -495707.33 -445704.08 -313295.58 270709.73 -73177.58 76693.11 20795.53 8980.84 10861.88 53317.75 44347.28 -129036.37 0.00 0.00 0.00 35984.33 19 580.56 7372.61 -908277.31
19 台州发电厂 -381533.23 -329277.18 -192869.48 284280.10 -82285.75 78639.33 24124.16 9640.11 11544.76 56549.17 47034.97 -136856.66 0.00 0.00 0.00 39980.39 21 017.94 7836.13 -542175.24
20 温州特鲁莱发电有限公司 -273130.71 -148612.11 -212605.78 -90566.90 -41959.41 90465.36 20278.06 4467.31 9127.91 48686.40 23097.02 -104913.65 0.00 0.00 0.00 34846.78 973 9.90 6195.66 -624884.16
21 温州发电有限公司 -374428.53 -662375.59 -310997.43 326754.43 -391460.20 143780.85 63436.26 29502.90 35015.50 164686.40 147118.25 -413266.94 0.00 0.00 0.00 11028 9.53 64323.93 23767.13 -1043853.50
22 浙江大唐乌沙山发电厂 541565.78 542630.29 422193.76 442529.96 -609982.31 32907.02 81767.81 41476.13 53149.54 241438.87 199500.96 -578208.43 0.00 0.00 0.00 144804.55 90428.68 36075.80 1682278.40
23 华能玉环电厂 37801.01 127224.73 -65684.38 -947903.24 -862795.91 63122.61 110458.42 51532.19 80639.11 301464.99 248721.76 -885259.44 0.00 0.00 0.00 204174.1 4 112353.48 54734.63 -1369415.90
24 浙江浙能乐清发电有限责任公司 134193.00 82296.14 -119907.58 -398303.18 -245411.43 154980.93 85735.63 27805.64 45791.11 263364.68 133176.21 -507368.14 0.00 0.00 0.00 146256. 36 60623.47 31081.19 -105685.96
25 浙江浙能镇海发电有限公司（招宝山） -70219.16 -36610.45 118561.31 -116840.25 -58880.87 151775.14 24565.16 9489.56 23418.83 57651.16 45854.31 -248121.55 0.00 0.00 0.00 51820.51 206 89.69 15895.77 -10950.83
26 衢州丰源水力发电有限公司 1878.83 921.22 714.78 -2974.38 -1440.55 -817.47 154.49 36.23 42.98 387.15 168.60 -443.88 0.00 0.00 0.00 355.92 78.99 29.17 -907.92
27 宁波溪口抽水蓄能电站 -7622.64 0.00 226.06 80285.68 80000.00 79741.47 -199.00 0.00 -20.58 -37.18 0.00 -140.38 0.00 0.00 0.00 -211.81 0.00 -13.97 232007.65
28 青田三溪口水电有限公司 11299.09 12505.64 5159.37 21122.22 28200.98 42730.01 997.69 509.10 331.49 2457.14 2288.84 -3331.68 0.00 0.00 0.00 1798.62 1109.97 225.00 127403.4 7
29 温州珊溪水电厂 5100.89 8493.17 13870.29 129119.64 66142.08 116603.79 1446.41 441.67 1453.44 3562.18 1985.52 -13750.81 0.00 0.00 0.00 3000.35 962.95 986.54 33941 8.10
30 云和县石塘水电站 4196.91 3476.73 2305.46 33355.87 34456.41 37352.36 343.60 141.41 138.56 864.80 648.80 -1437.65 0.00 0.00 0.00 685.91 308.31 94.05 116931.55
31 北海水力发电有限公司 -141248.31 -360354.49 6063.90 259924.26 281406.66 303448.64 3578.35 1483.31 1666.28 8813.20 6626.84 -16610.24 0.00 0.00 0.00 7229.36 3233.99 113 1.00 366392.76
32 中国华电集团有限公司衢州乌溪江分公司 10038.80 6901.56 4668.25 153685.02 117688.77 165313.62 1227.16 478.07 595.50 3179.00 2169.18 -6058.10 0.00 0.00 0.00 2729.36 1042.32 404.20 46406 2.73
33 秦山核电有限公司 59474.95 36236.71 7335.14 -299014.41 -255607.80 -159151.88 15689.32 6593.32 8516.08 39002.37 29915.52 -86418.20 0.00 0.00 0.00 25723.48 14375.1 5 5780.38 -551549.88
34 三门核电有限公司 990200.08 823824.96 636809.22 -2131769.59 -1873218.94 -1177339.53 114371.56 48888.72 63566.41 281771.58 219772.73 -639289.36 0.00 0.00 0.00 18 9251.31 106590.02 43146.36 -2303424.47
35 半山发电有限公司（气电） 99089.27 22871.96 139763.15 750777.37 2106130.22 2501604.40 14029.13 9988.05 13863.63 31514.29 56046.79 0.00 0.00 0.00 0.00 36032.06 21776.52 94 10.08 5812896.93
36 浙江浙能长兴天然气热电有限公司 -38002.71 61362.11 -75933.38 725118.18 1027729.28 1087896.45 8793.23 7145.93 5281.67 17691.38 39033.77 0.00 0.00 0.00 0.00 22574.09 15579.96 358 4.99 2907854.94
37 浙江德能天然气发电有限公司 311.52 196.08 6799.96 4583.53 -306.61 2452.01 616.64 255.09 369.38 100.79 35.89 0.00 0.00 0.00 0.00 1246.34 556.15 250.72 17467.47
38 衢州普星燃机热电有限公司 4058.23 3973.45 20666.43 57867.46 48454.83 -17462.14 2108.36 867.59 1081.95 1145.74 784.65 0.00 0.00 0.00 0.00 3947.05 1891.57 734.39 130119.56
39 国华余姚燃气发电有限责任公司 72181.84 -467.96 -34633.74 698740.94 1290447.56 1814239.14 8973.37 3828.35 6944.54 25699.00 17548.40 0.00 0.00 0.00 0.00 20360.54 8346.80 4713.6 8 3936922.46
40 杭州华电江东热电有限公司 32733.95 -27761.68 96722.66 715733.70 853973.06 1047583.99 13259.49 6101.89 11505.92 30987.69 31025.38 0.00 0.00 0.00 0.00 24622.27 13303.70 780 9.76 2857601.80
41 浙江浙能金华燃机发电有限责任公司（新气机） 179.32 359.25 7873.08 -283.88 46579.76 -23270.41 761.57 429.00 405.33 36.95 720.16 0.00 0.00 0.00 0.00 1730.72 935.34 275.12 36731.33
42 浙江蓝天天然气发电有限公司 1695.83 2122.76 -12449.30 28294.28 90759.62 50982.18 715.62 395.78 590.68 418.54 1008.74 0.00 0.00 0.00 0.00 1376.91 862.89 400.93 167175.47
43 温州燃机发电有限公司（燃气） 178.83 2018.04 11102.22 -283.10 27774.19 51489.89 1398.43 684.31 943.33 36.85 643.51 0.00 0.00 0.00 0.00 2873.68 1491.98 640.29 100992.45
44 华电龙游热电有限公司 41139.12 38606.17 74782.44 380788.55 600425.08 582992.18 4391.26 2013.07 4711.06 9469.14 9373.31 0.00 0.00 0.00 0.00 8356.13 4389.02 3197.68 1764 634.20
45 浙江大唐集团国际绍兴江滨热电有限责任公司 16978.35 43601.03 -105733.38 645338.30 974439.45 1251377.46 15554.88 5799.29 7046.76 38621.74 29552.54 0.00 0.00 0.00 0.00 29657.04 12643.95 478 3.06 2969660.47
46 华能桐乡燃机热电有限责任公司 78866.23 13905.65 8088.37 384429.64 323629.81 696441.65 6824.75 2106.02 4313.17 16473.01 9359.07 0.00 0.00 0.00 0.00 13247.68 4591.68 2927.61 156 5204.32
47 杭州华电下沙热电 19098.13 21512.48 -146096.18 92743.26 338017.23 51641.67 2966.22 1361.72 1922.09 3997.27 4086.20 0.00 0.00 0.00 0.00 6285.99 2968.91 1304.64 4018 09.62
48 萧山发电厂（气电） 25918.69 35059.33 55072.38 990622.87 663174.68 751050.07 9119.40 2665.84 4390.88 19711.47 9486.05 0.00 0.00 0.00 0.00 19565.70 5812.22 2980.36 25 94629.93
49 大唐江山新城热电 12324.62 8586.77 43218.94 201234.60 87541.90 219576.87 2767.95 1024.78 2391.03 3138.31 1761.26 0.00 0.00 0.00 0.00 4886.31 2234.28 1622.94 592310 .56
50 国家电投集团湖州南浔天然气热电有限公司 14558.94 16630.75 16737.95 170373.79 290154.25 220031.46 3291.86 1422.65 1779.55 5189.35 4637.73 0.00 0.00 0.00 0.00 5792.83 3101.73 1207.89 7549 10.73
51 浙江浙能常山天然气发电有限公司 3598.19 47381.83 2328.96 35173.16 263160.40 573355.72 2143.49 2966.29 3790.35 1103.21 15069.64 0.00 0.00 0.00 0.00 5257.32 6467.28 2572.74 964368 .57
52 琥珀安吉燃机热电有限公司 3889.96 9275.71 13535.30 86698.71 132468.69 -27470.87 1511.62 792.09 698.03 981.11 1874.25 0.00 0.00 0.00 0.00 2922.80 1726.95 473.80 229378.15
53 浙江浙能镇海燃气热电有限责任公司(新泓口) -126745.06 -74302.13 6141.39 480615.66 54100.76 945918.88 8807.97 1302.95 3608.11 20237.36 1472.43 0.00 0.00 0.00 0.00 16212.97 2840.76 2449.04 1 342661.08
54 浙江浙能镇海燃气发电有限公司 -28807.46 -76388.52 -37697.41 465735.75 709840.37 617045.74 5969.61 2700.16 4019.07 9016.36 9216.08 0.00 0.00 0.00 0.00 12027.70 5887.05 2727.98 1701292.47
55 镇海联合发电公司 0.00 0.00 14541.42 0.00 0.00 -42979.99 1406.61 600.11 748.64 0.00 0.00 0.00 0.00 0.00 0.00 2892.84 1308.39 508.15 -20973.82
56 慈溪百益新能源科技有限公司 -8402.49 -8678.82 -6736.00 -19647.74 -21019.72 -19675.15 584.50 289.67 342.71 0.00 0.00 0.00 0.00 0.00 0.00 1173.62 631.55 232.62 -80905.25
57 嘉兴德源节能科技有限公司 -5173.35 -4018.69 -56473.61 -9293.70 -9691.12 -6827.43 276.48 133.55 118.92 0.00 0.00 0.00 0.00 0.00 0.00 508.97 291.18 80.72 -90068.09
58 国家电投集团桑尼安吉新能源有限公司 -3918.47 -2901.08 -93325.86 -5783.61 -6438.50 -4354.09 182.39 88.73 75.84 0.00 0.00 0.00 0.00 0.00 0.00 344.85 193.45 51.48 -115784.87
59 雄亚（温岭）新能源有限公司 -12859.80 -17419.94 -29377.81 -19184.32 -20253.37 -18906.13 570.71 279.11 329.32 0.00 0.00 0.00 0.00 0.00 0.00 1052.45 608.52 223.53 -114937.73
60 象山大唐（大涂）新能源有限公司 -10774.31 -16774.83 -4619.04 -53024.00 -56636.73 -56216.48 1577.40 780.50 979.20 0.00 0.00 0.00 0.00 0.00 0.00 3051.67 1701.68 664.64 -189290.29
61 慈溪风凌新能源科技有限公司 -17611.43 -4190.45 -12465.48 -17136.98 -17808.19 -15788.26 509.80 245.41 275.01 0.00 0.00 0.00 0.00 0.00 0.00 971.63 535.06 186.66 -82277.22
62 湖州宏晖光伏发电有限公司 -10899.00 -5425.21 -6111.31 -10931.64 -10394.31 -10110.31 325.20 154.55 176.11 0.00 0.00 0.00 0.00 0.00 0.00 616.36 336.96 119.53 -52143.06
63 瑞安市华博新能源有限公司 -1566.29 -1317.73 -1766.97 -5598.92 -5533.28 -4977.37 166.56 76.25 86.70 0.00 0.00 0.00 0.00 0.00 0.00 323.47 166.25 58.85 -19882.47
64 中核苍南县昊昌新能源有限公司 -789.51 -7283.88 -1004.85 -7034.15 -7529.38 -7891.15 209.26 103.76 137.45 0.00 0.00 0.00 0.00 0.00 0.00 400.11 226.22 93.30 -30362.82
65 浙江浙能嘉兴发电有限公司（光伏） -5318.28 -2708.70 -2890.61 -4250.24 -4886.50 -4271.68 126.44 67.34 74.41 0.00 0.00 0.00 0.00 0.00 0.00 249.62 146.82 50.50 -23610.88
66 江山正泰林农光伏发展有限公司 -21761.88 -11625.84 -23806.06 56075.63 41387.56 33855.99 996.49 391.64 446.03 0.00 0.00 0.00 0.00 0.00 0.00 1820.13 853.88 302.75 78936.31
67 衢州禾和新能源科技有限公司 -6974.57 -6627.23 -6812.96 -12048.01 -9953.99 -9428.23 358.41 137.17 164.23 0.00 0.00 0.00 0.00 0.00 0.00 660.76 299.07 111.47 -50113.88
68 玉环县晶科电力有限公司（含II期玉环晶能） -4521.26 -8356.22 -6826.84 -41515.38 -24238.76 -33770.87 1235.03 334.03 588.24 0.00 0.00 0.00 0.00 0.00 0.00 2236.99 728.27 399.27 -113707.51
69 衢州杭泰光伏发电有限公司 -11351.10 -11182.80 -9106.70 25132.44 25006.70 23873.75 467.29 181.35 219.04 0.00 0.00 0.00 0.00 0.00 0.00 876.14 395.39 148.67 44660.17
70 兰溪市晶科电力有限公司 -1901.78 -1033.37 -3954.33 -2796.72 -2515.15 -2291.24 83.20 34.66 39.91 0.00 0.00 0.00 0.00 0.00 0.00 156.96 75.57 27.09 -14075.20
71 宁波镇海岚能新能源科技有限公司（岚能） -8954.80 -7007.62 -4925.47 -15189.58 -16451.27 -15810.29 451.87 226.71 275.39 0.00 0.00 0.00 0.00 0.00 0.00 914.57 494.29 186.92 -65789.28
72 浙江浙能乐清发电责任有限公司（光伏） -2437.28 -3723.47 -7467.91 -2343.77 -2781.62 -3145.83 69.72 38.33 54.80 0.00 0.00 0.00 0.00 0.00 0.00 109.51 83.58 37.19 -21506.75
73 乐清正泰光伏发电有限公司（光伏） -6303.05 -5820.37 -6295.76 -26760.04 -27474.20 -25283.01 796.08 378.62 440.39 0.00 0.00 0.00 0.00 0.00 0.00 1471.62 825.48 298.92 -93725.33
74 宁波镇海岚能新能源科技有限公司（凌光） -4561.84 -4136.88 -3148.37 -11141.02 -12103.00 -11779.48 331.43 166.79 205.18 0.00 0.00 0.00 0.00 0.00 0.00 670.78 363.64 139.27 -44993.50
75 浙江浙能中煤舟山煤电有限责任公司（光伏） -3209.93 -3859.54 -4112.90 -779.81 -2064.12 -1962.23 23.20 28.45 34.18 0.00 0.00 0.00 0.00 0.00 0.00 60.41 62.02 23.20 -15757.07
76 开化龙翔新能源有限公司 -1496.45 -1812.03 -1864.71 -9448.64 -8681.85 -8242.67 281.09 119.64 143.57 0.00 0.00 0.00 0.00 0.00 0.00 509.94 260.85 97.45 -30133.80
77 兰溪绿能太阳能科技有限公司 -2823.56 -2833.28 -3210.21 -9016.89 -7170.97 -7033.96 268.24 98.82 122.52 0.00 0.00 0.00 0.00 0.00 0.00 520.51 215.46 83.16 -30780.16
78 国能浙江宁海发电有限公司（光伏） -3954.35 -4575.89 -3673.85 -3849.38 -3723.28 -5630.19 114.51 51.31 98.07 0.00 0.00 0.00 0.00 0.00 0.00 260.98 111.87 66.57 -24703.64
79 温州乐泰光伏发电有限公司 -5048.31 -378306.31 -6007.36 -22679.04 -17414.73 -12631.31 674.67 239.99 220.02 0.00 0.00 0.00 0.00 0.00 0.00 1442.80 523.24 149.34 -438837.00
80 华能（浙江）能源开发有限公司玉环分公司 -4594.27 -3400.07 -8005.75 -10236.35 -18118.83 -14819.80 724.68 356.04 416.62 0.00 0.00 0.00 0.00 0.00 0.00 1351.66 776.26 282.78 -55267.03
81 宁海新电电力开发有限公司 -72980.62 -2582.02 -2916.30 -18825.02 -19128.77 -19412.42 560.02 263.61 338.13 0.00 0.00 0.00 0.00 0.00 0.00 1080.72 574.74 229.51 -132798.42
82 湖州吴兴盛林电力有限公司 -3772.21 -2413.53 -3996.67 -13597.37 -14455.22 -11660.38 404.50 199.20 224.52 0.00 0.00 0.00 0.00 0.00 0.00 778.48 434.32 152.40 -47701.96
83 杭州舒能电力科技有限公司 -10772.91 -10043.60 -12516.52 -12643.71 -14527.61 -12467.53 376.13 200.20 217.45 0.00 0.00 0.00 0.00 0.00 0.00 732.60 436.49 147.60 -70861.40
84 慈溪舒能新能源科技有限公司 -5073.74 -4740.72 -4777.87 -16861.08 -15302.85 1147.92 501.60 210.88 271.65 0.00 0.00 0.00 0.00 0.00 0.00 957.42 459.78 184.39 -43022.62
85 温州泰瀚新能源开发有限公司 -41132.98 -10529.40 -13379.51 -122892.09 -119974.40 -106408.15 3655.89 1653.34 1853.46 0.00 0.00 0.00 0.00 0.00 0.00 6889.99 3604.70 1258.06 -395 401.08
86 大唐太阳能产业（丽水）有限公司 -9056.45 -13759.82 -10452.78 -7897.37 -7242.05 -8406.46 234.94 99.80 146.43 0.00 0.00 0.00 0.00 0.00 0.00 444.37 217.59 99.39 -55572.41
87 湖州南浔万投太阳能电力有限公司 -3907.52 -2260.29 -3125.04 -8302.44 -9269.29 -8476.41 246.99 127.74 147.65 0.00 0.00 0.00 0.00 0.00 0.00 469.94 278.50 100.22 -33969.97
88 象山大唐新能源有限公司 -5510.08 -4583.54 -3491.49 -5211.23 -5618.40 -5382.33 155.03 77.43 93.75 0.00 0.00 0.00 0.00 0.00 0.00 315.77 168.81 63.64 -28922.65
89 浙江阿波溪仑光伏科技有限公司 -2567.52 -3150.00 -3293.59 -8888.45 -6111.58 -9032.69 264.42 84.22 157.34 0.00 0.00 0.00 0.00 0.00 0.00 518.50 183.63 106.79 -31728.94
90 嘉善舒能新能源科技有限公司（含II期嘉善风凌） -2921.88 -2199.13 -4199.20 -19544.95 -19416.04 -17514.58 581.44 267.57 305.08 0.00 0.00 0.00 0.00 0.00 0.00 1084.18 583.37 207.07 -62767.07
91 浙江浙能长兴新能源有限公司 -10412.48 -14537.47 -16944.41 -10809.12 -7586.75 -8233.16 321.56 104.55 143.41 0.00 0.00 0.00 0.00 0.00 0.00 645.33 227.95 97.34 -66983.26
2024年第四季度考核补偿总结算费用

序号 电厂 10月考核结算费用 11月考核结算费用 12月考核结算费用 10月补偿结算费用 11月补偿结算费用 12月补偿结算费用 10月溪洛渡分摊费
用
11月溪洛渡分摊费
用
12月溪洛渡分摊费
用
10月盈余分摊
(现货市场)
11月盈余分摊
(现货市场)
12月盈余分摊
(现货市场)
10月未进入商运调
试电量分摊费用
11月未进入商运调
试电量分摊费用
12月未进入商运调
试电量分摊费用
10月未进入商运调
试电量分摊费用返
还
11月未进入商运调
试电量分摊费用返
还
12月未进入商运调
试电量分摊费用返
还
总结算费用
2024年第四季度考核补偿总结算费用
92 湖州祥晖光伏发电有限公司 -8412.53 -6267.55 -6207.22 -15111.66 -17126.00 -16203.48 449.55 236.01 282.82 0.00 0.00 0.00 0.00 0.00 0.00 860.92 514.56 191.97 -66792.62
93 中电建（缙云）新能源有限公司 -3723.72 -3684.02 -3016.36 -5420.90 -5219.10 -5841.28 161.27 71.92 101.75 0.00 0.00 0.00 0.00 0.00 0.00 266.90 156.81 69.06 -26077.67
94 慈溪协能新能源科技有限公司 -13891.18 -5661.50 -6551.25 -19417.37 -20636.90 -18922.62 577.64 284.39 335.04 0.00 0.00 0.00 0.00 0.00 0.00 1157.02 620.05 227.41 -81879.26
95 慈溪正态新能源科技有限公司（正能） -4395.54 -2320.29 -1993.26 -15233.90 -20824.04 -21137.59 645.31 321.15 375.33 0.00 0.00 0.00 0.00 0.00 0.00 1294.55 700.20 254.76 -62313.31
96 中节能（长兴）太阳能科技有限公司 -7786.33 -4752.01 -4726.43 -9616.04 -10629.71 -9168.18 286.07 146.49 164.37 0.00 0.00 0.00 0.00 0.00 0.00 541.04 319.38 111.57 -45109.79
97 中广核浙江岱山海上风力发电有限公司 -32518.21 -42910.37 -103678.68 -372795.78 -295029.08 -230137.61 11120.06 4243.27 4250.74 0.00 0.00 0.00 0.00 0.00 0.00 16403.12 9251.43 2885.23 - 1028915.87
98 浙江鼎峰风电投资开发有限公司 -23952.03 -29068.61 -33992.29 -28430.63 -26333.33 -23080.01 845.78 362.89 402.02 0.00 0.00 0.00 0.00 0.00 0.00 1293.55 791.20 272.87 -160888.59
99 浙江玉环华电风力发电有限公司 -36571.50 16445.90 -37805.93 -186717.22 -143772.60 -132066.62 5609.47 2011.80 2404.41 0.00 0.00 0.00 0.00 0.00 0.00 7984.07 4386.25 1632.02 -4964 59.93
100 华能浙江平湖海上风电有限责任公司 -75011.70 -74831.25 -105604.79 -91511.95 -124150.51 -49025.77 5430.46 2296.58 1892.92 0.00 0.00 0.00 0.00 0.00 0.00 8315.37 5007.15 1284.84 -4959 08.67
101 长兴和平华电风力发电有限公司 -20636.47 -18120.63 -54142.47 -23651.50 -25564.55 -16969.13 703.60 352.30 295.58 0.00 0.00 0.00 0.00 0.00 0.00 1081.98 768.10 200.63 -155682.57
102 浙江浙能嘉兴海上风力发电有限公司 -30229.64 -42801.59 -113799.47 348021.95 629899.81 656712.53 11753.50 5282.36 5137.80 0.00 0.00 0.00 0.00 0.00 0.00 18165.17 11516.92 3487.34 150 3146.69
103 中广核（浙江三门）风力发电有限公司 -25590.89 -17375.68 -20429.25 -42131.52 -29929.34 -28192.05 1253.36 412.45 491.06 0.00 0.00 0.00 0.00 0.00 0.00 1778.82 899.25 333.31 -158480.48
104 国电电力浙江舟山海上风电开发有限公司 -533220.33 -93326.57 -66927.54 -57655.29 -49496.79 5620.47 2526.21 1998.05 2487.86 0.00 0.00 0.00 0.00 0.00 0.00 4167.20 4356.26 1688.66 -777781. 82
105 龙源磐安风力发电有限公司 -22712.66 -24364.72 -38435.02 -32304.59 -23161.43 -20511.85 961.02 319.18 357.40 0.00 0.00 0.00 0.00 0.00 0.00 1380.63 695.90 242.59 -157533.53
106 国电象山海上风电有限公司 -124471.10 -273484.62 -415165.40 -493283.64 -209525.14 -153698.14 17308.38 6271.17 7035.91 0.00 0.00 0.00 0.00 0.00 0.00 24821.54 13672.78 4775. 69 -1595742.57
107 华能浙江苍南海上风电有限责任公司 19042.30 -20015.18 -49172.79 -404568.53 -353286.20 -328451.96 12036.77 4874.04 5731.36 0.00 0.00 0.00 0.00 0.00 0.00 17169.98 10626.66 3890.22 -1 082123.34
108 浙江磐安华电新能源有限公司 -26510.58 -24552.88 -9200.02 -14440.03 -14059.04 -14629.26 429.57 193.74 255.97 0.00 0.00 0.00 0.00 0.00 0.00 792.19 422.41 173.74 -101124.18
109 华电浙江江山新能源有限公司 -10125.41 -9361.01 -6228.88 -5868.02 -4876.54 -4677.16 174.57 67.20 81.47 0.00 0.00 0.00 0.00 0.00 0.00 319.78 146.52 55.30 -40292.19
110 浙江大唐国际江山新城热电有限责任公司 -6337.10 -5888.26 -6452.10 -14428.93 -13252.22 -10596.93 429.24 183.43 208.31 0.00 0.00 0.00 0.00 0.00 0.00 771.34 399.93 141.39 -54821.89
111 国能（浙江开化）能源有限公司 -3075.73 -3285.07 -3703.27 -10310.41 -10904.37 -9216.88 317.51 151.53 170.27 0.00 0.00 0.00 0.00 0.00 0.00 610.69 330.36 115.57 -38799.80
112 华润海上风电(苍南)有限公司 -25439.47 -32524.55 -54072.06 -309705.75 -293676.05 -250667.87 9296.49 4048.29 4651.21 0.00 0.00 0.00 0.00 0.00 0.00 13208.01 8826.33 3157.06 -92 2898.36
113 中广核新能源（象山）有限公司 -127736.08 -52113.46 -54091.17 -209088.88 -132770.26 -163510.92 6408.92 1934.80 3088.32 0.00 0.00 0.00 0.00 0.00 0.00 9351.31 4218.36 2096.23 -71 2212.84
114 浙江浙能乐清发电有限责任公司（大崧） -105811.33 421377.55 329296.57 141660.26 -228991.07 38596.61 40738.04 27567.55 41615.75 120696.05 114307.88 -437120.87 0.00 0.00 0.00 85109.10 60104.37 28247.12 677393.57
115 大唐（瑞安）新能源有限公司 -1705.96 -1526.32 -1039.31 -2110.49 -3123.28 -5561.39 62.78 43.04 96.91 0.00 0.00 0.00 0.00 0.00 0.00 100.46 93.84 65.78 -14603.92
116 华润新能源（岱山）有限公司 -9467.30 -5818.74 -8686.52 -21154.78 -22878.20 -37257.68 629.33 316.05 648.97 0.00 0.00 0.00 0.00 0.00 0.00 1201.78 689.08 440.50 -101337.51
117 大唐（杭州富阳）新能源有限公司 0.00 -834.31 -1860.89 40890.00 -757.30 -4715.25 0.00 10.44 82.13 0.00 0.00 0.00 0.00 0.00 0.00 81.73 22.75 55.75 32975.05
118 国家电投集团胜科武义新能源有限公司 -2914.51 -1222.16 -1953.00 -7171.88 -6410.33 -6307.27 213.35 88.34 109.93 0.00 0.00 0.00 0.00 0.00 0.00 406.20 192.60 74.61 -24894.11
119 华能浙江苍南海上风电（苍海场）有限责任公司 -853.65 -22911.46 -29134.00 -310651.20 -266616.07 -258081.21 9241.53 3674.49 4497.02 0.00 0.00 0.00 0.00 0.00 0.00 13233.43 8011.33 3052.40 -8465 37.40
120 浙江浙能临海海上风力发电有限公司 -60334.61 -60134.18 -83944.34 570619.79 462079.89 442368.60 6950.41 2440.06 3170.23 0.00 0.00 0.00 0.00 0.00 0.00 9867.79 5319.96 2151.83 1300555 .41
121 中核三门汇核新能源有限公司 -1157.89 -4778.77 -8577.46 43311.15 -14808.28 -18436.95 119.75 204.07 321.14 0.00 0.00 0.00 0.00 0.00 0.00 346.96 444.92 217.98 -2793.37
122 常山浙新能光伏发电有限公司 -6902.49 -6534.02 -7677.77 -16505.22 -16935.94 -12427.46 491.01 233.39 260.86 0.00 0.00 0.00 0.00 0.00 0.00 928.14 508.85 177.06 -64383.59
123 浙江浙能电力股份有限公司萧山发电厂 4591.13 3427.45 2329.28 -7616.57 -4398.64 -5211.05 334.43 119.16 119.92 0.00 0.00 0.00 0.00 0.00 0.00 577.05 259.80 81.40 -5386.64
124 浙江庆元中能绿电风电有限公司 -5419.39 -75404.99 -6281.13 -66097.41 -53768.83 -33288.09 1966.31 740.98 580.66 0.00 0.00 0.00 0.00 0.00 0.00 2839.87 1615.53 394.13 -232122.37
125 中广核（嵊泗）新能源有限公司 -7756.95 -5920.85 -5065.01 -11181.30 -11130.82 -12050.65 332.63 153.39 209.90 0.00 0.00 0.00 0.00 0.00 0.00 594.28 334.43 142.47 -51338.46
126 华能（浙江岱山）海上风电有限公司 -28031.35 -61963.85 -91729.63 -162499.04 -68769.71 -71808.99 7238.89 2500.53 2673.25 0.00 0.00 0.00 0.00 0.00 0.00 10867.31 5451.81 1814.50 -4542 56.29
127 温岭市宏阳新能源开发有限公司 4347.72 845.77 -2590.72 -48445.79 -39188.62 -26397.03 1441.20 540.05 673.93 0.00 0.00 0.00 0.00 0.00 0.00 2666.25 1177.45 457.44 -104472.37
128 浙江衢州华电福新新能源有限公司 -1419.79 -1055.30 -1343.22 -846.39 -822.40 -2338.17 25.18 11.33 40.73 0.00 0.00 0.00 0.00 0.00 0.00 47.89 24.71 27.64 -7647.79
129 大唐鳌建（平阳）新能源有限公司 -1278.00 -738.60 -607.91 -1457.44 -1439.91 -1762.56 43.36 19.84 30.70 0.00 0.00 0.00 0.00 0.00 0.00 80.80 43.26 20.84 -7045.62
130 杭州瑞兴新能源有限公司 -3081.10 -4345.04 -46758.16 -12827.36 -10978.53 -9653.50 381.60 151.29 168.15 0.00 0.00 0.00 0.00 0.00 0.00 727.68 329.86 114.13 -85770.98
131 镇联燃气发电（金华）有限公司 18784.13 29505.63 96403.16 47113.00 454814.01 1120539.78 1319.04 1579.30 5285.44 3870.60 10620.41 0.00 0.00 0.00 0.00 4398.98 3443.27 3587.54 180 1264.29
132 启泰储能 3606.38 3769.59 3494.36 -8830.69 -9509.83 -10328.25 262.70 131.05 179.90 0.00 0.00 0.00 -63333.99 -29319.26 -23455.60 463.60 285.73 122.11 -13246 2.20
133 青田小溪水资源开发有限责任公司 1982.54 1782.05 1526.92 -4842.64 -4676.61 -4530.41 144.42 64.45 78.91 0.00 0.00 0.00 -19419.80 -9587.78 -7048.96 216.73 140.51 53.56 -44116.11
134 国能（浙江普陀）能源有限公司 -41600.68 1323.34 124.62 -4088.47 57994.99 256582.47 121.63 153.44 217.12 0.00 0.00 0.00 -7873.54 -20596.29 -16984.55 168.75 334.53 147.37 226024 .72
135 绍兴恒新储能科技有限公司 8779.87 7659.58 7200.22 -21498.64 -19323.41 -21281.63 639.56 266.29 370.69 0.00 0.00 0.00 -148911.73 -59575.00 -48330.88 1108.99 580.58 251.61 -2 92063.90
136 国能（浙江温州）能源有限公司 9174.70 8608.92 7607.89 -22465.43 -21718.40 -22486.59 668.32 299.30 391.68 0.00 0.00 0.00 0.00 0.00 0.00 1170.22 652.54 265.86 -37830.99
137 建德市晶网储能技术开发有限公司 -16384.08 2092.19 1824.78 -5185.06 -5278.14 -5393.50 154.25 72.74 93.95 0.00 0.00 0.00 0.00 0.00 0.00 270.65 158.58 63.77 -27509.87
138 万义储能站 9817.82 8983.70 7696.78 -14704.81 -12774.77 -15269.23 715.17 312.33 396.26 0.00 0.00 0.00 -169230.26 -69873.79 -51664.04 1250.06 680.95 268.96 -3 03394.88
139 泉电储能 -11791.31 8832.52 7648.66 -23197.50 -22282.47 -22607.09 690.10 307.07 393.78 0.00 0.00 0.00 0.00 0.00 0.00 1205.53 669.49 267.28 -59863.95
140 欣元储能站 -23090.07 16895.29 14734.63 -45426.00 -42623.06 -43551.04 1351.37 587.38 758.59 0.00 0.00 0.00 -254102.94 -131408.92 -98905.00 2120.19 1280.64 5 14.90 -600864.05
141 萧开储能 4178.74 3965.91 3499.86 -10232.17 -10005.10 -10344.52 304.39 137.88 180.19 0.00 0.00 0.00 -66902.37 -30846.20 -23492.54 513.11 300.61 122.30 -138 619.92
142 长电储能站 8395.22 -41745.64 7318.23 -20556.77 -19781.55 -21630.44 611.54 272.60 376.77 0.00 0.00 0.00 -128982.47 -60987.45 -49123.02 1010.43 594.35 255.74 -323972.47
143 杭临储能 6709.05 -25907.91 5061.66 -16427.97 -10075.20 -14960.73 488.71 138.84 260.59 0.00 0.00 0.00 -128653.03 -31062.31 -33976.01 844.74 302.72 176.88 - 247079.96
144 蓝电储能电站 6755.83 6912.19 6785.93 -16542.52 -17437.91 -20057.13 492.12 240.31 349.36 0.00 0.00 0.00 -132440.01 -53761.90 -45550.01 919.10 523.93 237.13 -26 2573.57
145 剡中储能 10054.46 9226.99 8352.88 -24619.65 -23277.64 -24688.55 732.40 320.78 430.04 0.00 0.00 0.00 -176131.49 -71766.06 -56068.05 1291.15 699.39 291.89 - 345151.44
146 柯林储能 4815.20 4442.65 3955.05 -9359.24 -8163.31 -8736.31 350.76 154.45 203.62 0.00 0.00 0.00 -75562.34 -34554.20 -26547.94 585.64 336.75 138.21 -147941 .02
147 京能储能 2143.44 3625.36 3362.76 -5248.48 -9145.98 -9939.29 156.14 126.04 173.13 0.00 0.00 0.00 0.00 0.00 0.00 267.38 274.80 117.51 -14087.21
148 丰门储能站 -10746.20 -12077.99 7114.95 -21141.42 -20165.20 -21029.60 628.93 277.89 366.30 0.00 0.00 0.00 0.00 0.00 0.00 1084.26 605.88 248.63 -74833.57
149 星兰储能站 7161.24 6307.33 5941.94 -11172.91 -9853.28 -12688.75 521.65 219.28 305.91 0.00 0.00 0.00 -89010.71 -49057.40 -39884.80 868.02 478.09 207.64 -1896 56.76
150 日昇储能 3675.58 3758.51 3243.01 -5307.88 -6322.77 -7705.44 267.74 130.67 166.96 0.00 0.00 0.00 -48184.76 -29233.07 -21768.44 454.25 284.89 113.33 -106427 .43
151 绿建储能 4592.53 8186.43 7204.26 -6046.75 -10745.10 -14962.77 334.54 284.61 370.90 0.00 0.00 0.00 -48807.27 -63672.78 -48358.00 472.45 620.52 251.75 -1702 74.68
152 新亭储能站 2212.84 6947.57 6189.46 -11497.34 -4343.98 -7729.84 574.13 241.54 318.66 0.00 0.00 0.00 -127669.76 -54037.12 -41546.24 973.66 526.61 216.29 -2286 23.52
153 浙江正泰新能源开发有限公司 2518.93 3568.03 -5374.16 -18380.24 -24280.01 -28891.35 546.79 334.60 503.24 0.00 0.00 0.00 -35396.47 -44913.84 -39367.61 916.39 729.51 341.58 -18 7144.62
154 浙江浙能（新）镇海燃气发电有限公司 25825.83 -463675.45 3309.69 356413.87 188766.72 243188.60 2760.26 228.17 582.14 9059.00 1775.15 0.00 0.00 0.00 0.00 3771.96 497.47 395.13 372898. 54
155 杭州建德华电福新新能源有限公司 581.43 -765.62 -6562.64 -4345.58 -4725.08 -5041.82 129.28 65.12 87.82 0.00 0.00 0.00 0.00 0.00 0.00 194.04 141.97 59.61 -20181.48
156 大有储能 2178.04 3355.53 3460.92 -5333.21 -8465.26 -10229.42 158.66 116.66 178.18 0.00 0.00 0.00 -10270.63 -26098.80 -23231.14 202.60 254.34 120.94 -73602 .59
157 定海储能 708.25 2714.39 3298.18 -1734.24 -4697.51 -6890.82 51.59 94.37 169.80 0.00 0.00 0.00 -5566.31 -21112.13 -22138.79 65.88 205.75 115.26 -54716.33
158 国宏储能站 0.00 353.85 783.86 0.00 -403.59 -1281.13 0.00 12.30 40.36 0.00 0.00 0.00 0.00 -1651.33 -3156.94 0.00 26.82 27.39 -5248.41
159 舒泰光伏站 0.00 3985.62 -6312.26 0.00 -29050.84 -24556.47 0.00 400.34 440.10 0.00 0.00 0.00 0.00 -53739.07 -34427.82 0.00 872.85 298.72 -142088.83
160 龙河光伏站 0.00 0.00 410.00 0.00 0.00 -4855.04 0.00 0.00 84.57 0.00 0.00 0.00 0.00 0.00 -6615.52 0.00 0.00 57.40 -10918.59
161 丽水市纤溪新能源有限公司 0.00 0.00 39.26 0.00 0.00 -570.45 0.00 0.00 9.94 0.00 0.00 0.00 0.00 0.00 -777.29 0.00 0.00 6.74 -1291.80
162 浙江大唐乌沙山发电有限责任公司 0.00 0.00 205.62 0.00 0.00 -2512.75 0.00 0.00 43.77 0.00 0.00 0.00 0.00 0.00 -3423.90 0.00 0.00 29.71 -5657.55
163 衢州宏升新能源科技有限公司 0.00 0.00 112.75 0.00 0.00 -1353.63 0.00 0.00 23.58 0.00 0.00 0.00 0.00 0.00 -1844.46 0.00 0.00 16.00 -3045.76
164 道太光伏站 0.00 0.00 137.31 0.00 0.00 -1619.45 0.00 0.00 28.21 0.00 0.00 0.00 0.00 0.00 -2206.68 0.00 0.00 19.15 -3641.46
165 丽水莲都国禾新能源有限公司 0.00 0.00 53.63 0.00 0.00 -651.59 0.00 0.00 11.35 0.00 0.00 0.00 0.00 0.00 -887.86 0.00 0.00 7.70 -1466.76
166 华能浙江能源销售有限责任公司 0.00 0.00 0.00 0.00 105249.70 153532.00 0.00 0.00 0.00 0.00 0.00 0.00 0.00 0.00 0.00 0.00 0.00 0.00 258781.70
167 浙江浙能能源服务有限公司 0.00 0.00 0.00 0.00 0.00 20869.20 0.00 0.00 0.00 0.00 0.00 0.00 0.00 0.00 0.00 0.00 0.00 0.00 20869.20
161 绍兴远东热电有限公司 0.00 0.00 0.00 0.00 0.00 0.00 0.00 0.00 0.00 0.00 0.00 0.00 0.00 -56357.50 0.00 0.00 0.00 0.00 -56357.50
168 溪洛渡 0.00 0.00 0.00 0.00 0.00 0.00 -1837111.22 -781407.35 -1135573.23 0.00 0.00 0.00 0.00 0.00 0.00 0.00 0.00 0.00 -3754091.80