--- 第 1 页 OCR ---
2022年9月新疆电网“两个细则”考核补偿公布结果
附件1
类型
序号
电厂名称
考核分数
补偿分数
分摊分
兑现分
兑现金额（元）
1
东源电厂
978.63
971.76
-773.18
-780.05
-780051.50
2
油城电厂
401.45
81016
-912.92
-504.21
-504208.44
3
锦疆电厂
662.90
386.22
-190.63
467.31
-467310.30
4
光明电厂
868.15
1272.66
-732.11
-327.60
-327599.00
5
绿原电厂
341.58
274.95
-219.22
-285.85
-285846.00
6.
天池电厂
440.71
664.94
-391.44
167.21
-167213.20
7
鲁康电厂
283.71
617.27
-342.22
-8.67
-8665.04
8.
徐矿电厂
478.65
1120.44
-649.14
-7.36
-7354.98
9
华威热电厂
0.00
0.00
0.00
0.00
0.00
10
赛尔电厂
2465.71
3461.87
-957.28
38.88
38883.73
11
大唐呼图壁电厂
410.33
1095.84
-644.04
41.47
41469.79
12
通达电厂
379.15
1568.82
-1126.84
62.83
62832.52
13
浙能电厂
404.58
1759.32
-1150.63
204.11
204107.67
14
伊州电厂
32.89
401.74
-97.80
271.05
271054.88
15
天光电厂
391.48
1102.23
-396.80
313.96
313956.50
16
鹏能电厂
528.81
1740.31
-835.61
375.90
375896.12
17
屯富热电厂
450.27
1223.30
-375.18
397.85
397848.53
18
群巴克电厂
867.61
1772.52
-453.01
451.90
451898.10
火电
19
艾丁湖电厂
275.35
1593.57
-625.94
692.28
692281.20
20
苇二厂
156.06
1903.30
-669.60
1077.64
1077637.80
21
双河电厂
82.03
1715.12
-534.42
1098.67
1098669.90
22
盛源电厂
334.85
2865.89
-1222.45
1308.59
1308590.60
23
汉宾电厂
87.98
2651.60
-1163.29
1400.32
1400321.39
24
永安坝电厂
141.64
2730.29
-1126.21
1462.45
1462445.50
25
红一厂
311.70
2615.44
-635.31
1668.44
1668435.20
26
天电启航电厂
59.81
2753.92
-928.11
1766.00
1765996.50
27
恒联电厂
1258.64
5354.50
-2304.19
1791.68
1791679.00
28
庭州电厂
552.34
3168.64
-660.72
1955.58
1955576.90
29
神华古泉电厂
286.42
3084.56
-813.65
1984.50
1984495.60
30
神华米东电厂
365.89
3251.02
-798.67
2086.47
2086465.40
31
玛纳斯电厂三期
371.21
3513.74
-1042.85
2099.68
2099680.50
32
喀什电厂三期
75.44
2785.93
-591.67
2118.82
2118817.00
33
库车电厂
91.76
2823.52
-589.84
2141.92
2141915.50
34
滨河电厂
45.60
3262.80
-975.51
2241.70
2241695.00
35
信友电厂
837.25
5692.12
-2455.28
2399.58
2399580.80
36
红二厂
781.79
5128.26
-1346.83
2999.64
2999635.20
37
紫荆电厂
304.14
7494.45
-2586.17
4604.13
4604134.00
38
阿尔塔什水电站
470.00
712.50
-1506.46
1263.96
-1263958.20
39
别选里水电站
839.19
258.00
-483.37
-1064.56
-1064560.20
40
尼勒克水电站
598.71
264.22
446.74
-781.23
-781226.57
41
恰甫其海水电站
143.95
96.99
-442.91
-489.87
489871.79
42
布伦口水电站
71.41
42.16
-428.98
-458.23
458228.28
43
齐热哈塔尔电厂
97.83
50.66
-373.23
-420.40
420396.03
44
盖孜水电站
249.32
107.36
-236.78
-378.74
378737.97
45
下坂地水电站
286.20
185.66
-269.76
-370.30
370302.34
46
夏特水电站
0.00
63.84
-430.50
-366.65
366654.72
47
波波娜水电站
100.00
146.71
-400.54
-353.83
353826.56
48
恰木萨水电站
60.00
208.13
-440.55
-292.42
-292418.97
49
喀腊塑克水电站
80.51
19.37
-209.91
-271.05
-271053.60
50
库什塔依水电站
207.25
77.65
-137.53
-267.13
267126.54
51
木扎提水电站
55.31
147.35
-338.83
-246.79
246789.40
水电
52
小石峡水电站
113.05
202.80
-304.37
-214.62
214617.34
53
特克斯水电站
40.00
45.20
-204.36
-199.15
-199153.35
54
乌鲁瓦提水电厂
0.00
11.51
-170.10
-158.58
-158583.03
55
斯木塔斯水电站
60.00
129.89
-210.22
-140.32
140323.69
56
吉林台二级水电站
20.00
15.04
-111.33
-116.30
-116295.14
57
霍什拉普生态水电站
11.00
66.44
-169.57
-114.13
-114130.92
58
温泉水电站
94.69
220.12
-215.66
-90.23
-90233.78
59
亚曼苏水电站
20.00
224.78
-274.10
-69.32
-69315.59
60
吉勒布拉克水电厂
90.16
101.10
-77.68
-66.75
-66749.14
61
柯赛依水电站
10.00
32.29
-25.78
-3.49
-3490.50
62
柳树沟水电站
71.47
347.17
-255.16
20.54
20540.68
63
杜来提水电站
30.00
228:05
-107.39
90.66
90658.95
64
哈德布特水电站
10.00
242.73
-71.30
161.43
161432.77

--- 第 2 页 OCR ---
类型
序号
电厂名称
考核分数
补偿分数
分摊分
兑现分
兑现金额（元）
65
察汗乌苏水电站
20.19
635.04
-400.02
214.83
214832.22
66
吉林台一级水电站
30.00
638.02
316.73
291.29
291291.22
燃气
67
宣力燃气
0.00
0.00
0.00
0.00
0.00
68
中节能盐湖西风电三场
174.53
0.00
232.28
-406.81
-406814.16
69
华冉烟墩南风电一场
226.18
0.00
-156.20
-382.38
-382376.17
70
中电投铁列克提风电场
271.73
0.00
-106.77
-378.50
-378501.50
71
大唐托克逊
152.41
0.00
-224.28
-376.69
-376687.80
72
龙源阿拉山口
183.36
0.00
-165.61
-348.97
-348972.41
73
龙源苦水西风电一场
119.47
0.00
-225.84
-345.31
-345310.01
74
中广核烟墩南风电一场
113.83
0.00
-231.01
-344.84
-344843.07
75
大唐苦水东风电一场
160.24
0.00
-168.92
-329.16
-329155.63
76
中电投烟墩西风电场
133.65
0.00
-192.09
-325.74
-325737.01
77
天润盐湖西风电二场
115.56
0.00
-207.87
-323.43
-323427.40
78
中节能烟墩北风电一场
157.33
0.00
-161.80
-319.13
-319129.76
79
中节能风电场
198.24
0.00
-120.88
-319.12
-319121.40
80
国电天风三场
188.81
0.00
-129.28
-318.09
-318092.22
81
天润烟墩西风电一场
116.63
0.00
-199.24
-315.87
-315874.13
82
三峡苦水西风电一场
125.28
0.00
-188.59
-313.87
-313874.17
83
华电苦水东风电一场
145.50
0.00
-148.89
-294.39
-294389.41
84
华能烟墩北风电一场
143.32
0.00
-127.83
-271.15
271154.31
85
天润十三间房
89.80
0.00
-133.49
-223.29
-223293.93
86
新天若羌风电一场
136.49
0.00
-77.48
-213.97
-213967.31
87
华能白杨河
131.13
0.00
-81.68
-212.81
-212810.78
88
天润十三间房风电二场（三期）
94.03
0.00
-118.21
-212.24
-212241.28
89
中广核托克逊风电场
114.40
0.00
-96.34
-210.74
-210737.62
90
龙源萨尔塔木风电场
138.06
0.00
-68.30
-206.36
-206362.89
91
天润小草湖南风电一场
104.24
0.00
-101.27
-205.51
-205510.31
92
华电达坂城西沟风电一场
126.63
0.00
-76.58
-203.21
203210.64
93
鲁能小草湖北风电一场
98.56
0.00
-101.19
-199.74
-199744.60
94
粤水电布尔津风电场
118.33
0.00
-77.77
-196.10
-196102.90
95
新特盐湖西风光互补电站
100.70
0.00
-94.56
-195.26
-195263.11
96
新风盐湖西风电一场
109.33
0.00
-85.89
-195.22
-195221.22
97
华电嘉利
88.29
0.00
-105.43
-193.72
-193721.43
98
中电投玛依塔斯
113.12
0.00
-79.05
-192.17
-192173.40
99
国电小草湖北风电场
93.02
0.00
-96.26
189.28
-189276.11
100
嘉泽鄯善东风电一场
99.97
0.00
-85.28
185.25
-185251.20
101
国电玛依塔斯风电一场
87.40
0.00
-92.55
179.95
-179953.02
102
天电西沟
103.40
0.00
-76.49
179.89
-179890.40
103
海为红星风电一场
72.81
0.00
-104.17
-176.98
-176980.17
104
盾安部善东风电一场
117.48
0.00
-58.77
-176.25
-176245.70
105
乌兰达布森
88.24
0.00
-85.55
-173.79
-173787.25
106
布尔津石滩
87.46
0.00
-72.25
-159.71
-159705.16
107
华能马莲泉
51.11
0.00
-103.96
-155.07
-155065.12
108
枫煜吉木乃风电场
105.34
0.00
-43.66
-149.00
-149000.42
109
新能发展老风口风电一场
115.56
0.00
-32.36
-147.92
-147918.58
110
龙源麻黄沟东风电一场
56.88
0.00
-90.92
-147.80
-147803.18
111
华电达坂城白杨沟风电一场
61.14
0.00
-78.60
-139.74
-139740.60
112
东豪红星风电一场
57.01
0.00
-82.06
-139.07
-139069.14
113
鄂能红星风电一场
74.82
0.00
-63.42
-138.24
-138236.52
114
东丰小草湖南风电一场
94.64
0.00
-37.42
-132.06
-132063.23
115
远鑫红星风电一场
54.77
0.00
-75.04
-129.81
-129813.52
116
远新小草湖南风电一场
74.41
0.00
-53.10
-127.51
-127507.75
117
天鹏大连湖风电一场
95.62
0.00
-30.62
-126.24
-126244.38
118
中广核玛依塔斯
42.59
0.00
-83.12
-125.71
-125713.32
119
新能达坂城风电一场
46.85
0.00
-78.12
-124.97
-124969.93
120
华能小草湖南风电一场二期
61.66
0.00
-62.50
-124.16
-124157.72
121
中广核哈密分散式风电场
46.53
0.00
-74.30
-120.83
-120826.56
122
特变电工小草湖风电一场
71.29
0.00
-48.78
-120.07
-120073.31
123
晋商达坂城风电一场
79.23
0.00
-36.18
-115.41
-115411.70
124
大唐若羌风电一场
81.30
0.00
-32.43
-113.73
-113727.56
125
万邦达坂城风电一场
65.74
0.00
-45.56
-111.30
-111302.14
126
鲁能达坂城风电场二期
85.38
0.00
-25.90
-111.27
-111274.74
127
粤水电达坂城风电一场
57.53
0.00
-52.09
-109.62
-109615.09
128
申源小草湖南风电一场
59.60
0.00
-49.27
-108.87
-108869.26
129
天润布尔津
91.31
0.00
-17.49
-108.80
-108801.76
130
国电阿拉山口风电二场（国电艾比湖
71.71
0.00
-37.09
-108.80
-108795.99
风电场）

--- 第 3 页 OCR ---
类型序号
电厂名称
考核分数
补偿分数
分摊分
兑现分
兑现金额（元）
131
大唐部善东风电一场
70.40
0.00
-37.97
-108.37
-108372.42
132
工投科技达坂城风电厂
72.25
0.00
-35.20
-107.45
-107446.36
133
三峡达坂城
77.66
0.00
-29.27
-106.92
106924.62
134
华电达坂城西沟风电二场
53.67
0.00
51.79
-105.46
-105459.48
135
国电三台风电二场
72.07
0.00
-32.24
-104.31
104308.73
136
新华窝依莫克
78.37
0.00
-25.88
-104.25
-104245.04
137
华电小草湖南风电一场
57.08
0.00
-46.82
-103.90
-103903.38
138
中广核达坂城风电场
60.04
0.00
-43.62
-103.66
-103655.64
139
荣风小草湖北风电一场
76.48
0.00
-26.72
-103.20
-103202.43
140
鲁能十三间房风电一场
40.12
0.00
-63.08
-103.20
-103201.50
风电
141
华冉达坂城
77.84
0.00
-24.59
-102.43
-102434.09
142
华能小草湖南风电一场
47.49
0.00
-54.12
-101.61
-101607.31
143
金风达坂城试验风电场
46.97
0.00
-52.72
-99.69
-99690.63
144
中电投盐湖东风电一场
64.86
0.00
-34.74
-99.59
-99594.59
145
中电投都善东风电一场
64.53
0.00
-34.20
-98.73
-98728.48
146
华能西海风电一场
64.45
0.00
-32.87
-97.32
-97320.95
147
华电嘉利风电三场
41.82
0.00
-54.82
-96.64
-96644.34
148
中电投玛依塔斯风电二场二期
44.15
0.00
-51.94
-96.09
-96087.30
149
华电草湖风电二场
0.72
0.00
-94.39
-95.11
-95105.75
150
大唐柴窝堡风电一场
56.81
0.00
-38.16
-94.97
-94972.23
151
首台风电场
62.85
0.00
-31.75
-94.60
-94601.02
152
龙源高崖子风电三场
58.13
0.00
-35.34
-93.47
-93466.55
153
国投小草湖北风电一场
54.80
0.00
-38.64
-93.44
-93435.20
154
金风达坂城天润风电场
46.31
0.00
-46.88
-93.19
-93192.50
155
大唐哈巴河风电一场
69.37
0.00
-23.02
-92.39
-92390.34
156
华电小草湖风电场
21.74
0.00
-70.27
-92.00
-92004.62
157
国电天风二场
51.42
0.00
-40.50
-91.92
-91918.43
158
国电三台风电一场
56.91
0.00
-34.92
-91.83
-91827.68
159
国电天风三场六期
46.31
0.00
-44.42
-90.73
90733.63
160
华能布尔津风电二场
60.00
0.00
-30.59
-90.59
-90586.58
161
五凌部善东风电二场
57.80
0.00
-32.76
-90.56
90562.34
162
国电玛依塔斯风电一场三期
40.85
0.00
-48.98
-89.83
-89831.27
163
龙源托里老风口风电一场
58.62
0.00
-30.72
-89.34
-89338.98
164
海为达坂城风电场
59.08
0.00
-29.94
-89.01
-89014.64
165
中电投盐湖东风电二场
57.64
0.00
-30.59
-88.23
88226.75
166
五菱部善东风电场
54.50
0.00
-32.47
-86.97
86967.20
167
华电雪湖风电场
44.78
0.00
-41.74
-86.52
86519.02
168
华电大连湖风电一场
47.23
0.00
-38.52
-85.75
-85746.95
169
布尔津天润风电二场
55.34
0.00
-29.32
-84.66
-84663.73
170
鲁能达坂城
53.46
0.00
-29.07
-82.53
-82527.54
171
天润玛依塔斯二期
43.14
0.00
-39.37
-82.51
-82514.20
172
华电嘉利风电二场
29.94
0.00
-52.18
-82.12
-82123.64
173
中广核额河风电一场
49.44
0.00
-30.80
-80.24
-80241.73
174
国华玛依塔斯
49.72
0.00
-30.13
-79.85
-79854.13
175
五凌布尔津
39.50
0.00
-39.52
-79.02
-79016.09
176
龙源高崖子风电二场
43.34
0.00
-34.98
-78.32
-78317.34
177
新特吉木乃风电一场
46.34
0.00
-31.91
-78.25
-78253.39
178
华能布尔津风电场
50.76
0.00
-27.43
-78.19
-78191.88
179
大唐达坂城风电
43.26
0.00
-34.68
-77.94
-77943.98
180
华电小草湖北风电一场
26.77
0.00
-51.14
-77.91
-77909.16
181
水利厅风电场
40.61
0.00
-37.06
-77.67
-77668.74
182
国电龙源高崖子
46.06
0.00
-31.19
-77.25
-77246.02
183
中电投玛依塔斯二场
38.12
0.00
-39.05
-77.17
-77169.04
184
中广核哈密分散式风电二场
36.60
0.00
-40.38
-76.98
-76976.34
185
别斯铁热克
37.85
0.00
-38.80
-76.65
-76652.70
186
天润玛依塔斯
40.93
0.00
-35.24
-76.17
-76165.77
187
中广核东沟风电一场
43.95
0.00
-31.94
-75.89
-75890.88
188
华能小草湖北风电一场
35.66
0.00
-39.02
-74.68
-74679.48
189
国电三塘湖风电一场
30.83
0.00
-43.34
-74.17
-74165.28
190
利源拉斯特风电一场
42.35
0.00
-31.08
-73.43
-73427.63
191
五凌小草湖南风电场
38.46
0.00
-34.82
-73.28
-73281.92
192
国源天立布尔津风电一场
43.25
0.00
-29.17
-72.42
-72416.08
193
甬坤分散式黑眼泉风电一场
52.79
0.00
-17.53
-70.32
-70322.92
194
三峡三台风电一场
40.14
0.00
-30.13
-70.27
-70272.96
195
东方民生麻黄沟东风电一场
26.83
0.00
-41.89
-68.72
-68722.20
196
中广核吉木乃分散式风电二场
40.45
0.00
-28.12
-68.57
-68572.51
197
华电达坂城大连湖风电一场
41.26
0.00
-26.20
-67.46
67457.52

--- 第 4 页 OCR ---
类型序号
电厂名称
考核分数
补偿分数
分摊分
兑现分
兑现金额（元）
198
海为支油吉木乃风电场
36.84
0.00
-30.47
-67.31
-67311.20
199
华电大连湖风电二场
44.40
0.00
-22.66
-67.06
-67061.03
200
吉能布尔津风电一场
43.47
0.00
-23.27
-66.74
-66742.13
201
伊吾盾安淳毛湖风电场
31.67
0.00
-32.86
-64.52
64524.75
202
华电小草湖风电三场
0.00
0.00
-63.82
-63.82
-63820.50
203
华电淳毛湖风电一场
30.11
0.00
-31.17
-61.28
-61279.91
204
中广核吉木乃分散式风电一场
34.59
0.00
-25.67
-60.26
60260.81
205
振超分散式兴业风电一场
41.64
0.00
-14.73
-56.37
-56373.75
206
金风天翼实验风电场二期
38.55
0.00
-15.75
-54.30
-54301.11
207
中电投东沟风电一场
21.46
0.00
-23.87
-45.33
45332.11
208
中核伊宁县风电一场
23.43
0.00
-19.98
-43.41
-43407.32
209
风能天翔达坂城风电一场
28.34
0.00
-13.80
-42.14
-42138.53
210
特变哈巴河风电一场
32.55
0.00
-9.17
-41.72
-41723.92
211
中广核哈密分散式黄山东矿风电二场
30.71
0.00
-9.64
-40.34
40344.57
212
立新分散式达子泉风电一场
20.06
0.00
-10.46
-30.52
30518.94
213
新能麻黄沟东风电一场
0.00
0.00
-29.70
-29.70
-29702.65
214
申源红岭分散式风电一场
17.09
0.00
-6.48
-23.57
-23567.85
215
新能发展老风口风电二场
0.00
0.00
0.00
0.00
0.00
216
粤水电巴楚光伏二电站
286.66
0.00
-29.26
-315.92
-315917.00
217
春晖光伏电站（一、二、三、四期）
219.57
0.00
-31.10
-250.67
-250667.34
218
九州方园博乐光伏二电站
81.51
0.00
-84.25
-165.76
-165756.60
219
久泰伽师光伏一电站
142.03
0.00
-6.28
-148.31
-148312.88
220
华能乌什光伏一电站
87.55
0.00
-53.18
-140.73
-140733.17
221
华能奥依塔克光伏一电站
76.72
0.00
-46.28
-123.00
-122995.16
222
新华墨玉光伏二电站
51.26
0.00
-43.90
-95.16
-95156.91
223
华电连木沁光伏二电站
41.56
0.00
-52.55
-94.11
-94108.38
224
国综能源若羌光伏一电站
29.66
0.00
-64.10
-93.76
-93763.29
225
风阳额敏光伏一电站
43.66
0.00
-42.57
-86.23
-86226.70
226
浚鑫尉型光伏一电站
73.80
0.00
-10.47
-84.27
-84273.05
227
华光夏孜盖光伏一电站
26.27
0.00
-55.73
-82.00
-81999.06
228
百事德阿图什光伏二电站
72.41
0.00
-6.67
-79.08
-79081.65
229
中核克拉玛依光伏一电站
17.35
0.00
-59.86
-77.21
-77213.55
230
中广核石城子光伏电站
15.81
0.00
-59.49
-75.30
-75298.13
231
融创光伏电站
21.32
0.00
-53.36
-74.68
-74676.18
232
兴业尉型光伏一电站
60.08
0.00
-14.27
-74.34
-74344.82
233
九州方园博乐光伏三电站
41.68
0.00
-31.65
-73.32
-73324.66
234
光晟霍城光伏一电站
40.21
0.00
-31.82
-72.03
-72027.45
235
恒基阳光图木舒克光伏二电站
61.31
0.00
-7.08
-68.39
-68393.79
236
天合库米什光伏一电站
13.22
0.00
-54.31
-67.53
-67525.06
237
耀辉三道岭光伏一电站
30.27
0.00
-34.46
-64.73
-64727.13
238
晶科新源光伏一电站
14.92
0.00
-49.46
-64.38
-64382.20
239
尚检英吉沙光伏一电站
56.06
0.00
-7.38
-63.44
-63436.40
240
英利库尔勒光伏一电站
48.83
0.00
-14.44
-63.27
-63273.93
241
正泰拜城光伏一电站
51.45
0.00
-11.74
-63.19
-63191.23
242
中电投连木沁光伏电站
12.65
0.00
-49.81
-62.46
-62461.65
243
兴业尉型光伏二电站
52.25
0.00
-9.98
-62.22
-62224.56
244
京能五家渠光伏电站
16.68
0.00
-43.32
-60.00
-59995.57
245
阿特斯图木舒克光伏一电站
46.22
0.00
-13.26
-59.48
-59479.01
246
聚阳奇台农场光伏一电站
21.10
0.00
-33.20
-54.30
-54296.12
247
普新诚达五家渠光伏一、二电站
22.44
0.00
-31.62
-54.06
-54061.36
248
海润岳普湖光伏一电站
43.96
0.00
-9.85
-53.80
-53804.80
249
中电投洛浦光伏一电站
32.99
0.00
-19.27
-52.26
-52263.26
250
坤能库米什光伏一电站
2.61
0.00
-47.36
-49.97
-49965.46
251
中建材疏附光伏一电站
39.52
0.00
-9.03
-48.55
-48546.62
252
国联阳光恰库尔图光伏一电站
32.49
0.00
-15.27
-47.76
-47755.16
253
爱康精河光伏二电站
21.92
0.00
-25.07
-46.99
-46988.58
254
赛维皮山光伏一电站
36.53
0.00
-10.18
-46.71
-46714.12
255
粤水电柯坪光伏一电站
26.44
0.00
-20.15
-46.59
-46591.33
256
大唐尼勒克光伏一电站
8.09
0.00
-37.63
-45.72
-45717.86
257
新润皮山光伏一电站
38.71
0.00
-6.34
-45.05
-45051.83
258
美恒夏孜盖光伏电站
16.37
0.00
-28.62
-44.99
-44988.32
259
新特阿克陶光伏一电站
17.03
0.00
-2788
-44.91
-44907.52
260
华电福新叶城光伏一电站
21.41
0.00
-23.47
-44.88
-44880.81
261
恒嘉克拉玛依光伏一电站
15.13
0.00
-29.50
44.63
-44630.11
262
新特焉者光伏一电站
27.01
0.00
-17.35
-44.36
-44358.98
263
龙源奥依塔克光伏一电站
20.19
0.00
-23.96
-44.15
-44145.87
264
特变电工小草湖光伏一电站
16.68
0.00
-27.43
-44.11
-44112.77

--- 第 5 页 OCR ---
类型序号
电厂名称
考核分数
补偿分数
分摊分
兑现分
兑现金额（元）
265
海林连木沁光伏一电站
15.46
0.00
-28.56
-44.02
-44015.16
266
太科莎车光伏一电站
31.94
0.00
-11.90
-43.84
-43842.91
267
正信和静光伏一电站
32.14
0.00
-10.95
-43.09
-43089.37
268
东方民生石城子光伏电站
12.65
0.00
-30.31
-42.96
-42958.18
269
海林连木沁光伏二电站
13.40
0.00
-28.30
-41.70
-41701.22
270
新华墨玉光伏一电站
24.55
0.00
-16.82
-41.37
-41369.76
271
申能克拉玛依光伏一电站
14.81
0.00
-26.55
-41.36
-41355.07
272
益鑫昇和静光伏一电站
22.66
0.00
-17.82
-40.48
-40481.54
273
特变电工阿瓦提光伏电站
20.80
0.00
-19.38
-40.18
-40180.43
274
藏疆图木舒克光伏一电站
8.21
0.00
-31.72
-39.93
-39934.02
275
东贝阿拉山口光伏一电站
13.76
0.00
-25.78
-39.54
-39536.51
276
昱辉光伏一电站
28.62
0.00
-10.60
39.22
-39219.40
277
振发五家渠光伏一电站
22.06
0.00
-16.91
-38.97
-38968.44
278
汇聚成红星四场光伏一电站
22.01
0.00
-16.64
-38.65
-38652.40
279
图题霍城光伏一电站
13.08
0.00
-25.55
-38.63
-38634.40
280
大唐哈密石城子光伏电站
16.46
0.00
-22.05
-38.51
-38511.65
281
天合库米什光伏二电站
8.37
0.00
-29.93
-38.30
-38298.37
282
爱康精河光伏电站
18.49
0.00
-19.73
-38.22
-38216.96
283
新特库尔勒光伏一电站
17.04
0.00
-20.78
-37.82
-37816.80
284
中富旺七泉湖光伏一电站
27.17
0.00
-10.55
-37.72
-37716.72
285
保德英吉沙光伏一电站
29.94
0.00
-7.61
-37.55
-37550.64
286
华发巴楚光伏一电站
11.41
0.00
-26.01
-37.42
-37422.98
287
中电投石城子光伏电站
11.71
0.00
-25.49
-37.20
-37201.07
288
中利腾晖七泉湖光伏电站
14.66
0.00
-22.19
-36.85
-36847.63
289
中广核图木舒克光伏一电站
22.59
0.00
-14.20
-36.79
-36788.13
290
中节能轮台光伏一电站
10.22
0.00
-26.44
-36.66
-36661.97
291
华光阿瓦提光伏一电站
20.86
0.00
-14.50
-35.36
-35359.33
292
绿电九师光伏电站
21.32
0.00
-13.62
-34.94
-34939.86
293
图开霍城光伏一电站
17.24
0.00
-15.92
-33.16
-33155.04
294
海为若羌光伏二电站
15.34
0.00
-17.76
-33.10
-33096.01
295
中电投七泉湖光伏一电站（二、三
4.48
0.00
-28.35
-32.83
-32829.81
296
特变电工七泉湖光伏一电站
9.61
0.00
-22.24
-31.84
-31844.65
297
深能福塔塔县光伏一电站
15.77
0.00
-16.05
-31.82
-31821.19
298
融信英吉沙光伏一电站
24.73
0.00
-7.02
-31.75
-31754.04
299
国综塔县光伏一电站
10.37
0.00
-21.35
-31.72
-31718.79
300
九州方圆博乐光伏一电站
14.84
0.00
-16.76
-31.60
-31600.64
301
柯坪嘉盛阳光光伏电站
21.42
0.00
-10.11
-31.53
-31527.80
302
天利恩泽连木沁光伏一电站
19.78
0.00
-11.00
-30.78
-30784.46
303
新特阿克陶光伏二电站
11.33
0.00
-19.36
-30.69
-30689.70
304
华光乌什光伏一电站
21.40
0.00
-8.94
-30.34
-30342.55
305
国盛阳光温泉光伏一电站
14.57
0.00
-15.71
-30.28
-30283.49
306
晶科阿拉尔光伏一电站
6.97
0.00
-23.23
-30.20
-30204.32
307
华电石城子光伏电站
6.34
0.00
-23.66
-30.00
-30003.62
308
中电投柯坪光伏四电站
8.98
0.00
-20.72
-29.70
-29702.24
309
投新石城子南光伏一电站
19.40
0.00
-10.27
-29.67
-29670.83
310
荣信石城子光伏一电站
6.51
0.00
-23.06
-29.57
-29573.82
311
青河光伏一电站
7.82
0.00
-21.53
-29.35
29351.66
312
大唐博湖光伏电站
18.02
0.00
-11.21
-29.23
-29226.19
313
源光阿图什光伏一电站
10.46
0.00
-18.74
-29.20
-29201.18
314
特变电工照壁山光伏二电站
18.20
0.00
10.97
-29.17
29165.41
315
大唐吐鲁番七泉湖光伏一电站
19.94
0.00
-9.03
-28.97
-28969.30
316
柯坪海润光伏二电站
16.15
0.00
-12.73
-28.88
28875.67
317
中利腾晖大河沿光伏一电站
14.78
0.00
-13.83
-28.61
-28606.25
318
英利正繁户光伏一电站
21.32
0.00
-7.26
-28.58
28582.94
319
特变电工石城子光伏一电站
16.53
0.00
-12.01
-28.54
28535.16
320
恒鑫和硕光伏一电站
9.84
0.00
-18.49
-28.33
-28324.99
321
协合七泉湖光伏一电站
14.87
0.00
-13.44
-28.31
28305.47
322
华能连木沁光伏电站（一、二期）
4.72
0.00
-23.17
-27.89
-27885.80
323
粤水电夏孜盖光伏电站
16.69
0.00
-10.98
-27.67
27674.31
324
力诺连木沁光伏一电站
16.71
0.00
-10.85
-27.56
-27563.97
325
新风于田光伏一电站
20.62
0.00
-6.78
-27.40
-27398.25
326
乌什风岭光伏一电站
12.21
0.00
-14.83
-27.04
-27035.66
327
日升皮山光伏一电站
20.57
0.00
-6.33
-26.90
-26896.29
328
浚鑫红星二场光伏一电站
10.19
0.00
-16.64
-26.83
26831.50
329
尚德红星二场光伏一电站
10.35
0.00
-16.39
-26.74
-26740.69
330
三峡皮山光伏电站
12.52
0.00
-14.22
-26.74
26738.64
331
海天达夏孜盖光伏一电站
11.20
0.00
-15.36
-26.56
-26559.08

--- 第 6 页 OCR ---
类型序号
电厂名称
考核分数
补偿分数
分摊分
兑现分
兑现金额（元）
332
通威且末光伏一电站
15.13
0.00
-11.24
-26.37
26369.60
333
兴光阿图什光伏一电站
12.09
0.00
-14.10
-26.19
-26190.22
334
新源乡南光伏一电站
14.19
0.00
-11.94
-26.13
26128.74
335
天宏和静光伏一电站
8.74
0.00
-17.01
-25.75.
-25749.53
336
国华和硕光伏一电站
8.87
0.00
-16.85
-25.72
25719.32
337
百事德阿图什光伏一电站
17.40
0.00
-8.18
-25.58
-25584.10
338
辉腾红星四场光伏一电站
2.40
0.00
-23.09
-25.49
-25486.53
339
海天达图木舒克光伏一电站
16.45
0.00
-9.03
-25.48
-25475.72
340
中利腾晖七泉湖光伏三电站
2.40
0.00
-22.92
-25.32
-25321.25
341
天宏阳光红星四场光伏二电站
13.76
0.00
-11.28
-25.04
-25036.19
342
粤水电阿瓦提光伏二电站
14.64
0.00
-10.17
-24.81
-24809.30
343
大唐温泉光伏一电站
8.05
0.00
-16.75
-24.80
-24800.65
344
特变电工土墩子光伏一电站
13.56
0.00
-11.04
-24.60
-24602.08
345
荣信图木舒克光伏一电站
16.20
0.00
-8.21
-24.41
-24405.02
346
天润石城子光伏一电站
12.04
0.00
-12.17
-24.21
-24213.88
347
科陆察县光伏一电站
8.04
0.00
-16.16
-24.20
-24204.11
348
常晖红星四场光伏一电站
6.16
0.00
-17.91
-24.07
-24073.49
349
永盛光伏电站
8.62
0.00
-15.26
-23.88
-23882.04
350
中电投柯坪光伏二电站
7.62
0.00
-16.19
-23.81
-23806.90
351
益鑫和静光伏一电站
6.23
0.00
-17.56
-23.79
-23793.82
352
新特吉木萨尔光伏一电站
12.36
0.00
-11.34
-23.70
-23696.79
353
丰华精河光伏一电站
13.77
0.00
-9.76
-23.53
-23526.35
354
协鑫墨玉光伏一电站
16.04
0.00
-6.98
-23.02
-23016.21
355
浚科尉犁光伏一电站
11.92
0.00
-10.92
-22.84
-22841.38
356
中核夏孜盖光伏一电站
12.16
0.00
-10.68
-22.84
-22840.51
357
拓日喀什光伏一电站
13.23
0.00
-9.58
-22.81
-22807.96
358
华光阿图什光伏一电站
8.67
0.00
-14.10
-22.77
-22770.22
359
联星七泉湖光伏一电站
13.21
0.00
-9.51
-22.72
-22720.55
360
华能哈密石城子光伏电站
11.09
0.00
-11.50
-22.59
22589.10
361
华电策勒光伏电站
8.30
0.00
-14.27
-22.57
22568.18
362
国华石城子光伏一电站
4.76
0.00
-17.49
-22.25
-22247.64
363
力诺麦盖提光伏一电站
14.39
0.00
-7.68
-22.07
22072.97
364
远成锦业光伏一电站
10.62
0.00
-11.38
-22.00
-22000.68
365
宣力柳阳光伏一电站
9.63
0.00
-12.33
-21.96
21957.50
366
中电投博乐光伏一电站
10.95
0.00
-11.00
-21.95
-21950.88
367
新奥焉者光伏一电站
10.75
0.00
-11.19
-21.94
21943.69
光伏
368
海润精河光伏一电站
11.21
0.00
-10.73
-21.94
-21941.70
369
国电能源石城子光伏二电站
9.33
0.00
-12.45
-21.78
-21775.65
370
舒奇蒙光伏电站
7.10
0.00
-14.63
-21.73
-21728.72
371
日月辉温宿光伏一电站
11.89
0.00
-9.64
-21.53
-21525.96
372
大唐连木沁光伏一电站
10.51
0.00
-10.94
-21.45
-21448.62
373
益鑫阿克陶光伏一电站
12.51
0.00
-8.79
-21.30
-21298.79
374
中节能石城子南光伏一电站
8.98
0.00
-11.89
-20.87
-20868.58
375
自然天成七泉湖光伏一电站
9.43
0.00
-11.43
-20.86
-20860.84
376
丰华精河光伏二电站
11.00
0.00
-9.79
-20.79
-20793.03
377
伟业芳草湖光伏一电站
10.13
0.00
-10.55
-20.68
-20678.96
378
中电投柯坪光伏一电站
10.76
0.00
-9.84
-20.60
-20604.45
379
恒鑫红星二场光伏电站
9.07
0.00
-11.26
-20.33
-20331.55
380
俊鑫尉型光伏二电站
9.06
0.00
-11.09
-20.15
-20145.08
381
中节能库尔勒光伏一电站
9.64
0.00
-10.40
-20.04
-20040.81
382
国电石城子光伏电站
7.75
0.00
-12.23
-19.98
-19980.09
383
柳阳三道岭光伏一电站
8.04
0.00
-11.89
-19.93
-19925.00
384
粤水电疏附光伏一电站
10.53
0.00
-9.39
-19.92
-19921.06
385
特变电工碧流河光伏一电站
9.05
0.00
-10.79
-19.84
-19838.13
386
天宏阳光红星四场光伏
2.80
0.00
-17.04
-19.84
-19836.58
387
鑫晶铁门关光伏一电站
8.68
0.00
-11.12
-19.80
-19798.14
388
利商芳草湖光伏一电站
7.95
0.00
-11.83
-19.78
-19778.12
389
振和和静光伏一电站
3.15
0.00
-16.45
-19.60
-19602.54
390
国华莫合台光伏一电站
8.05
0.00
-11.54
-19.59
-19585.87
391
国投石城子南光伏一电站
7.85
0.00
-11.67
-19.52
-19519.12
392
京能六师北塔山光伏一电站
6.85
0.00
-12.66
-19.51
-19510.59
393
中水顾问石城子南光伏一电站
7.66
0.00
-11.80
-19.46
-19460.79
394
恒基阳光图木舒克光伏一电站
8.89
0.00
-10.54
-19.43
-19432.47
395
海锦吉木乃光伏一电站
8.28
0.00
-10.98
-19.26
-19263.14
396
鑫昇图木舒克光伏一电站
9.55
0.00
-9.35
-18.90
-18900.79
397
特变电工照壁山光伏一电站
7.62
0.00
-11.24
-18.86
-18861.66
398
浚鑫疏附光伏一电站
10.66
0.00
-8.14
-18.80
-18802.05

--- 第 7 页 OCR ---
类型序号
电厂名称
考核分数
补偿分数
分摊分
兑现分
兑现金额（元）
399
华瑞雀仁光伏一电站
7.47
0.00
-11.31
-18.78
-18775.44
400
蒙新图木舒克光伏一电站
9.36
0.00
-9.37
-18.73
-18729.29
401
金太阳图木舒克光伏一电站
4.64
0.00
-13.94
-18.58
-18579.48
402
希望创美西山光伏一电站
7.02
0.00
-11.54
-18.56
-18560.58
403
五凌青河光伏一电站
6.99
0.00
-11.53
-18.51
-18514.90
404
福新木垒光伏一电站
5.74
0.00
-12.71
-18.45
-18453.85
405
新特克拉玛依光伏一电站
8.15
0.00
-10.29
-18.44
-18436.95
406
国家电投若美一期光伏电站
6.22
0.00
-12.00
-18.21
-18214.77
407
协合连木沁光伏一电站
6.44
0.00
-11.61
-18.05
-18046.41
408
国信阳光若美光伏一电站
7.13
0.00
-10.83
-17.96
-17958.71
409
特变电工疏附光伏一电站
9.16
0.00
-8.79
-17.95
-17945.21
410
尚风麻黄沟西光伏一电站
5.46
0.00
-12.45
-17.91
-17906.64
411
粤水电阿瓦提光伏一电站
2.99
0.00
-14.84
-17.83
-17832.36
412
晶隆温泉光伏一电站
6.34
0.00
-11.49
-17.83
-17829.21
413
柳瑞柳阳光伏一电站
5.60
0.00
-12.20
-17.80
-17802.10
414
华电焉者光伏电站
7.02
0.00
-10.78
-17.80
-17797.61
415
海天达北屯光伏一电站
7.51
0.00
-10.23
-17.74
-17738.51
416
大唐博湖光伏二电站
5.15
0.00
-12.52
-17.67
-17668.26
417
汉能庆阳湖光伏一电站
7.30
0.00
-10.32
-17.62
-17616.51
418
天华库车光伏一电站
8.49
0.00
-9.12
-17.61
-17608.65
419
三峡连木沁光伏二电站
5.51
0.00
-11.93
-17.44
-17436.20
420
中水顾问哈密石城子光伏电站
5.74
0.00
-11.63
-17.37
-17370.33
421
新风水岩光伏一电站
5.73
0.00
-11.54
-17.27
-17273.62
422
源光叶城光伏一电站
5.59
0.00
-11.62
-17.21
-17206.18
423
安培琪连木沁光伏一电站
6.20
0.00
-10.87
-17.07
-17072.78
424
益鑫石城子光伏一电站
5.67
0.00
-11.36
-17.03
-17028.51
425
中电投精河光伏二电站
6.30
0.00
-10.64
-16.94
-16937.74
426
埃菲生福海光伏一电站
3.48
0.00
-13.41
-16.89
-16885.56
427
源兴叶城光伏一电站
4.53
0.00
-12.27
-16.80
-16798.47
428
海鑫七泉湖光伏一电站
5.06
0.00
-11.47
-16.53
-16530.03
429
中利尼勒克光伏一电站
4.42
0.00
-12.10
-16.52
-16514.96
430
大唐阿克苏光伏一电站
7.08
0.00
-9.35
-16.43
-16429.09
431
中电投石城子南光伏一电站
3.33
0.00
-12.87
-16.20
-16203.02
432
中利腾晖七泉湖光伏二电站
2.83
0.00
-13.30
-16.13
-16131.29
433
新特柳阳光伏一电站
4.87
0.00
-11.24
-16.11
-16106.46
434
恒基伟业麦盖提光伏一电站
7.40
0.00
-8.63
-16.03
-16034.27
435
中电投红星二场光伏一电站
4.40
0.00
-11.60
-16.00
-15995.71
436
乌什华阳伟业光伏一电站
7.55
0.00
-8.44
-15.99
-15993.02
437
晶芯沙雅光伏二电站
6.65
0.00
-9.31
-15.96
-15961.47
438
盛腾疏勒光伏一电站
6.91
0.00
-9.01
-15.92
-15917.09
439
力诺石城子光伏一电站
4.04
0.00
-11.86
-15.90
-15895.21
440
北屯蓝天光伏一期
5.56
0.00
-10.20
-15.76
-15760.56
441
正泰图木舒克光伏一电站
6.55
0.00
-9.18
-15.73
-15731.49
442
振发岳普湖光伏一电站
7.00
0.00
-8.71
-15.71
-15705.03
443
综艺乌恰光伏一电站
6.69
0.00
-9.01
-15.70
-15703.63
444
瑞城岳普湖光伏一电站
6.33
0.00
-9.27
-15.60
-15597.57
445
东润环能图木舒克光伏一电站
5.81
0.00
-9.76
-15.57
-15569.48
446
新天和静光伏一电站
3.82
0.00
-11.73
-15.55
-15545.55
447
佳灵石城子光伏一电站
3.07
0.00
-12.40
-15.47
-15468.81
448
荣信石城子南光伏一电站
3.81
0.00
-11.56
-15.37
-15366.25
449
中建材柯坪光伏一电站
5.93
0.00
-9.41
-15.34
-15342.10
450
华光乌什光伏二电站
5.86
0.00
-9.48
-15.34
-15339.87
451
中核轮台光伏一电站
3.44
0.00
-11.81
-15.25
-15248.95
452
欣荣图木舒克光伏一电站
6.55
0.00
-8.68
-15.23
-15232.15
453
汉能库尔勒光伏一电站
5.30
0.00
-9.85
-15.15
-15148.21
454
汉能石城子光伏一电站
3.61
0.00
-11.54
-15.15
-15146.59
455
华光霍城光伏一电站
3.30
0.00
-11.78
-15.08
-15082.88
456
恒晟光伏电站
4.21
0.00
-10.84
-15.05
-15051.43
457
中电投精河光伏一电站
4.25
0.00
-10.76
-15.01
-15009.92
458
特变察县光伏一电站
3.65
0.00
-11.35
-15.00
-15001.12
459
龙柏乌什光伏一电站
6.36
0.00
-8.62
-14.98
-14976.22
460
克州新隆光伏一电站
5.43
0.00
-9.51
-14.94
-14938.53
461
特变石城子南光伏一电站
2.90
0.00
-11.98
-14.88
-14882.64
462
中节能柯坪光伏一电站
5.48
0.00
-9.34
-14.82
-14819.68
463
晶芯沙雅光伏电站
5.58
0.00
-9.20
-14.78
-14778.60
464
特变电工小草湖光伏二电站
3.37
0.00
-11.25
-14.62
-14617.44
465
三峡石城子光伏一电站
2.27
0.00
-12.32
14.59
-14593.83

--- 第 8 页 OCR ---
类型
序号
电厂名称
考核分数
补偿分数
分摊分
兑现分
兑现金额（元）
466
正泰图木舒克光伏二电站
5.58
0.00
-8.99
-14.57
-14573.83
467
恒灿福海光伏一电站
3.61
0.00
-10.91
-14.52
-14520.41
468
英利库尔勒光伏二电站
3.73
0.00
-10.70
-14.43
-14426.50
469
旭双和静光伏一电站
2.81
0.00
-11.61
-14.41
-14414.53
470
四通图木舒克光伏一电站
5.22
0.00
-9.19
-14.41
-14407.63
471
昌晟阿克陶光伏一电站
5.57
0.00
-8.83
-14.40
-14399.10
472
锦城石城子光伏一电站
2.45
0.00
-11.93
-14.38
-14380.19
473
金坛麦盖提光伏一电站
6.05
0.00
-8.28
-14.33
-14333.13
474
中科恒源石城子光伏一电站
2.65
0.00
-11.66
-14.31
-14308.41
475
海为博湖光伏电站
2.77
0.00
-11.51
-14.28
-14275.01
476
中闽红星二场光伏一电站
2.56
0.00
-11.71
-14.27
-14273.01
477
阿特斯石城子南光伏一电站
2.06
0.00
-12.17
-14.23
-14230.75
478
瑞城叶城光伏一电站
6.16
0.00
-8.06
-14.22
-14223.67
479
华电石城子光伏二电站
2.15
0.00
-12.02
-14.16
-14164.57
480
华电连木沁光伏一电站
2.39
0.00
-11.77
-14.16
-14156.31
481
新特柳树泉光伏一电站
2.02
0.00
-12.10
-14.12
-14119.26
482
新特阿图什光伏一电站
5.04
0.00
-9.07
-14.11
-14111.89
483
利能疏勒光伏一电站
5.46
0.00
-8.64
-14.10
-14100.36
484
海为若羌光伏电站
3.41
0.00
-10.58
-13.99
-13989.33
485
华能焉書光伏一电站
2.03
0.00
-11.93
-13.96
-13963.23
486
中电电气福海光伏一电站
3.11
0.00
-10.85
-13.96
-13958.33
487
中晶乌苏光伏一电站
4.65
0.00
-9.24
-13.89
-13888.10
488
金华乌什光伏一电站
5.02
0.00
-8.75
-13.77
-13774.44
489
弗光石城子光伏一电站
8.12
0.00
-5.57
-13.69
-13686.82
490
海为尉型光伏一电站
1.99
0.00
-11.58
-13.57
-13568.20
491
鄂善光伏电站
1.87
0.00
-11.69
-13.56
-13557.94
492
中电投柯坪光伏三电站
3.03
0.00
-10.36
-13.39
-13385.48
493
金太阳库米什光伏一电站
1.62
0.00
-11.76
-13.38
-13382.01
494
中节能连木沁光伏二电站
1.57
0.00
-11.72
-13.29
-13289.28
495
中广核英吉沙光伏一电站
5.08
0.00
-8.18
-13.26
-13262.80
496
天华伟业英吉沙光伏一电站
7.46
0.00
-5.77
-13.23
-13227.38
497
晶嘉博湖光伏一电站
1.29
0.00
-11.76
-13.05
-13046.90
498
正国图木舒克光伏一电站
3.95
0.00
-9.03
-12.98
-12982.93
499
枫霖叶城光伏一电站
4.76
0.00
-8.19
-12.95
-12948.18
500
兆能博湖光伏一电站
1.39
0.00
-11.46
-12.85
-12845.07
501
光润焉耆光伏一电站
1.82
0.00
-11.01
-12.83
-12826.70
502
汉能新和光伏电站
3.88
0.00
-8.84
-12.72
-12721.19
503
国新塔什库尔干一电站
3.77
0.00
-8.90
-12.67
-12667.62
504
天华阳光阿瓦提光伏一电站
3.96
0.00
-8.69
-12.65
-12646.94
505
汇能库尔勒光伏一电站
1.92
0.00
-10.67
-12.59
-12590.97
506
粤水电巴楚光伏一电站
3.14
0.00
-9.44
-12.58
-12576.07
507
金太阳和静光伏一电站
1.47
0.00
10.97
-12.44
-12438.45
508
粤水电莎车光伏一电站
4.45
0.00
-7.95
-12.40
-12403.13
509
航天卓越光伏一电站
3.34
0.00
-8.84
-12.18
-12181.19
510
民丰昂立光伏一电站
5.08
0.00
-6.85
-11.92
-11924.71
511
天华柯坪光伏一电站
3.71
0.00
-8.21
-11.92
-11923.84
512
高科岳普湖光伏一电站
2.68
0.00
-9.23
-11.91
-11910.53
513
粤水电阿瓦提光伏三电站
1.96
0.00
-9.57
-11.53
-11533.84
514
新特墨玉光伏一电站
2.80
0.00
-6.68
-9.48
-9477.92
515
清源皮山光伏一电站
1.86
0.00
-7.19
-9.05
-9046.89
516
新华波波娜光伏一电站
2.92
0.00
-5.91
-8.83
-8832.04
517
裕天锦业光伏电站
0.00
0.00
-1.18
-1.18
-1176.50
518
意隆九运街光伏电站
0.00
0.00
-0.43
-0.43
-427.01
519
汉能福海光伏一电站
0.00
0.00
0.00
0.00
0.00
520
裕天且末光伏一电站
0.00
0.00
0.00
0.00
0.00
合计
35818
90154
-54336
0
0

--- 第 9 页 OCR ---
2022年10月新疆电网“两个细则”考核补偿公布结果
类
序号
电厂名称
考核分数
补偿分数
分摊分
兑现分
兑现金额（元）
型
1
光明电厂
642.80
1003.83
-1256.33
895.30
895298.25
2
通达电厂
1228.36
1171.18
-622.29
-679.46
-679464.44
3
滨河电厂
740.00
1030.42
-950.26
-659.84
-659836.10
4
东源电厂
1153.47
1311.34
-706.93
-549.06
-549056.75
5
苇二厂
1237.01
1293.80
-594.55
-537.76
-537762.94
6
油城电厂
243.28
712.95
-991.64
-521.96
-521963.62
7
大唐呼图壁电厂
715.52
978.12
-763.54
-500.94
-500938.00
8
绿原电厂
519.29
282.88
-186.62
-423.03
-423028.44
9
永安坝电厂
456.09
906.78
634.64
-183.95
-183953.64
10
锦疆电厂
203.26
162.02
-87.69
-128.92
-128922.91
11
庭州电厂
96.66
835.40
-832.11
-93.37
-93369.80
12
华威热电厂
0.00
0.00
0.00
0.00
0.00
13
玛纳斯电厂三期
174.81
1054.19
-844.55
34.83
34831.42
14
屯富热电厂
74.25
356.61
214.93
67.44
67436.20
15
徐矿电厂
333.21
1074.40
-593.95
147.24
147235.97
16
天池电厂
62.93
510.50
-286.17
161.41
161407.31
17
红一厂
270.33
1444.49
-979.04
195.12
195120.78
18
鲁康电厂
146.51
879.66
-521.96
211.19
211188.36
火
19
天光电厂
电
275.34
860.86
-328.96
256.56
256562.92
20
盛源电厂
983.79
2205.30
-961.38
260.13
260131.17
21
伊州电厂
136.80
759.13
-335.78
286.56
286560.30
22
神华米东电厂
1338.26
2303.46
-568.81
396.38
396384.80
23
浙能电厂
617.44
2057.04
-924.17
515.43
515431.47
24
天电启航电厂
61.37
1534.40
-897.99
575.05
575047.10
25
艾丁湖电厂
493.47
1637.90
-532.16
612.27
612272.25
26
汉宾电厂
70.36
1721.52
-750.33
900.83
900826.07
27
红二厂
560.04
2822.96
-1088.76
1174.16
1174159.60
28
双河电厂
82.19
1855.69
-477.15
1296.35
1296350.60
29
库车电厂
360.14
2132.74
-463.12
1309.47
1309474.40
30
鹏能电厂
308.37
2789.65
-978.68
1502.60
1502604.20
31
神华古泉电厂
375.93
3095.22
-803.00
1916.29
1916291.20
32
赛尔电厂
480.27
3490.03
-758.49
2251.27
2251267.50
33
群巴克电厂
501.12
4028.68
-810.55
2717.02
2717018.80
34
信友电厂
822.10
5969.81
-1709.87
3437.84
3437843.80
35
喀什电厂三期
228.31
4646.82
872.84
3545.67
3545673.50
36
恒联电厂
210.09
5512.40
-1107.51
4194.80
4194796.50
37
紫荆电厂
71.89
5633.20
-1162.75
4398.56
4398562.50
38
尼勒克水电站
627.36
267.02
-314.67
-675.02
-675018.19
39
布伦口水电站
110.95
48.65
312.91
-375.21
-375210.97
40
吉林台二级水电站
299.60
15.03
-78.38
-362.95
-362951.66
41
齐热哈塔尔电厂
30.00
185.75
376.96
-221.21
-221210.92
42
恰甫其海水电站
0.00
99.76
-240.72
-140.96
-140958.97
43
夏特水电站
0.00
80.10
-204.52
-124.42
-124424.28
44
木扎提水电站
152.72
173.79
-109.85
-88.77
-88772.14
45
盖孜水电站
50.00
135.66
-171.80
-86.14
-86141.04
46
特克斯水电站
20.00
54.21
-116.94
-82.72
-82723.12
47
乌鲁瓦提水电厂
0.00
7.34
-83.96
-76.62
-76623.50
48
霍什拉普生态水电站
30.00
106.46
-147.40
-70.94
-70937.39
49
柯赛依水电站
58.59
23.48
-15.29
-50.40
-50402.55
50
下坂地水电站
65.00
251.19
-224.94
-38.75
-38751.07
51
温泉水电站
100.31
225.80
-162.68
-37.19
-37190.60
水
52
喀腊塑克水电站
20.00
22.13
-31.10
-28.97
-28966.44
电
53
库什塔依水电站
50.00
89.77
-64.38
-24.60
-24603.69
54
波波娜水电站
10.00
177.96
-177.34
-9.39
-9386.90
55
吉勒布拉克水电厂
43.44
78.92
-31.61
3.86
3864.74
56
别选里水电站
60.00
309.87
-232.48
17.39
17393.83
57
恰木萨水电站
40.00
236.66
-171.14
25.52
25519.15
图：

--- 第 10 页 OCR ---
类
序号
电厂名称
考核分数
补偿分数
分摊分
兑现分
型
兑现金额（元）
58
亚曼苏水电站
10.00
232.55
-179.20
43.34
43344.74
59
斯木塔斯水电站
30.00
144.07
-61.72
52.35
52345.49
60
阿尔塔什水电站
60.00
747.37
-588.16
99.21
99212.65
61
小石峡水电站
20.00
237.05
-97.97
119.08
119075.08
62
杜来提水电站
30.00
215.03
-43.80
141.23
141227.90
63
柳树沟水电站
20.00
379.84
-164.81
195.03
195030.78
64
哈德布特水电站
10.00
282.55
-29.45
243.10
243101.54
65
察汗乌苏水电站
30.00
695.80
-258.85
406.94
406943.16
66
吉林台一级水电站
30.00
804.19
211.30
562.90
562896.60
燃
67
宣力燃气
气
189.22
6.56
-101.14
-283.80
-283798.34
68
中电投铁列克提风电场
340.05
0.00
-114.42
-454.47
-454471.50
69
中节能风电场
242.87
0.00
-136.62
-379.49
-379494.25
70
天润盐湖西风电二场
149.34
0.00
-225.60
374.94
-374942.38
71
华冉烟墩南风电一场
207.73
2.40
-156.50
-361.83
-361831.52
72
中节能盐湖西风电三场
123.33
0.00
-223.03
-346.36
-346359.00
73
国电天风三场
136.26
0.00
-163.40
-299.66
-299655.94
74
中广核烟墩南风电一场
90.66
2.00
-187.17
-275.83
-275828.02
75
龙源阿拉山口
164.45
0.00
-107.22
-271.67
-271668.96
76
三峡苦水西风电一场
118.72
0.00
-151.16
-269.88
-269884.09
77
龙源苦水西风电一场
97.04
12.00
-184.62
-269.66
-269658.43
78
中电投烟墩西风电场
111.95
0.00
-156.38
-268.33
-268334.29
79
中节能烟墩北风电一场
157.48
14.40
-122.23
-265.31
-265309.02
80
大唐托克逊
121.52
0.00
-142.16
-263.68
-263680.06
81
大唐苦水东风电一场
117.32
32.40
-168.40
-253.31
-253314.88
82
新特盐湖西风光互补电站
148.69
0.00
-99.27
-247.96
-247956.97
83
天润烟墩西风电一场
82.02
4.40
-159.96
-237.58
-237579.43
84
华电苦水东风电一场
89.39
0.00
-145.37
-234.75
-234754.52
85
华能烟墩北风电一场
127.57
8.40
-100.71
-219.88
-219876.15
86
龙源萨尔塔木风电场
84.53
0.00
-123.98
-208.51
-208511.90
87
粤水电布尔津风电场
84.13
0.00
-107.04
-191.16
-191164.86
88
布尔津石滩
97.47
0.00
-80.90
-178.37
-178365.66
89
国电玛依塔斯风电一场
90.14
0.00
-82.42
-172.56
-172560.66
90
华电达坂城西沟风电一场
119.32
0.00
-52.07
-171.39
-171391.88
91
天润十三间房
74.17
0.00
-91.21
-165.38
-165383.13
92
天润十三间房风电二场（三期）
81.90
0.00
-82.23
164.13
-164130.02
93
枫煜吉木乃风电场
112.84
0.00
-50.42
163.26
-163259.80
94
新风盐湖西风电一场
81.80
0.00
-80.57
-162.37
-162367.12
95
华电达坂城白杨沟风电一场
60.76
0.00
-98.36
-159.12
-159121.50
96
中电投玛依塔斯
75.54
0.00
-79.76
-155.30
-155298.44
97
华能白杨河
91.89
0.00
-61.03
-152.92
-152921.16
98
中广核玛依塔斯
34.87
0.00
-117.54
-152.41
-152412.95
99
新天若羌风电一场
87.35
0.00
-63.10
-150.45
-150446.23
100
新能发展老风口风电一场
99.28
0.00
-48.51
-147.79
-147793.58
101
天润小草湖南风电一场
71.32
0.00
-75.69
-147.00
-147004.52
102
海为红星风电一场
70.80
0.00
-74.88
-145.68
-145683.11
103
天电西沟
69.53
0.00
-75.31
-144.84
-144843.08
104
嘉泽鄯善东风电一场
90.33
0.00
-52.02
-142.35
-142346.27
105
中广核托克逊风电场
85.27
0.00
-55.70
-140.97
-140970.92
106
国电小草湖北风电场
69.46
0.00
-71.45
-140.91
-140909.00
107
鲁能小草湖北风电一场
61.57
0.00
-76.96
-138.53
-138530.83
108
华电嘉利
54.92
0.00
-82.57
-137.49
-137491.55
109
新能达坂城风电一场
44.18
0.00
-90.79
-134.97
-134971.39
110
华能马莲泉
41.36
0.00
-90.66
-132.02
-132019.96
111
龙源麻黄沟东风电一场
59.07
0.00
-71.43
-130.50
-130503.82
112
乌兰达布森
78.65
0.00
-49.09
-127.74
-127735.45
113
盾安都善东风电一场
90.83
0.00
-34.34
-125.17
-125173.92
114
中电投四十个井子风电五场
96.29
0.00
-28.49
-124.78
-124775.16
115
鄂能红星风电一场
66.34
0.00
-49.59
-115.93
-115933.76
116
东丰小草湖南风电一场
82.60
0.00
-24.61
-107.21
-107214.20
117
国电天风二场
51.52
0.00
-54.92
-106.44
-106435.51

--- 第 11 页 OCR ---
类
序号
电厂名称
考核分数
补偿分数
分摊分
兑现分
兑现金额（元）
型
118
金风达坂城试验风电场
49.34
0.00
-55.13
-104.47
-104465.81
119
中广核东沟风电一场
67.21
0.00
-37.08
-104.29
-104293.05
120
粤水电达坂城风电一场
43.76
0.00
-59.98
-103.73
-103734.79
121
中电投玛依塔斯二场
47.27
0.00
-55.47
-102.74
-102741.32
122
华电大连湖风电一场
59.57
0.00
-42.46
-102.03
-102031.29
123
中电投盐湖东风电一场
70.90
0.00
-30.62
-101.52
-101522.08
124
远鑫红星风电一场
46.93
0.00
-54.17
-101.10
-101098.73
125
中电投盐湖东风电二场
74.89
0.00
-25.94
-100.83
-100834.23
126
华能西海风电一场
71.58
0.00
-25.64
-97.22
-97218.81
127
特变电工小草湖风电一场
64.06
0.00
-32.55
-96.61
-96610.34
128
华电草湖风电二场
26.31
0.00
-69.51
-95.82
-95815.93
129
龙源托里老风口风电一场
44.47
0.00
-50.15
-94.62
-94622.93
130
中电投玛依塔斯风电二场二期
28.59
0.00
-65.96
-94.55
-94545.58
131
华冉达坂城
64.11
0.00
-29.09
-93.20
-93195.91
132
万邦达坂城风电一场
44.79
0.00
-48.18
-92.97
-92969.98
133
粤水电东沟风电一场
58.05
0.00
-33.85
-91.90
-91902.84
134
天润布尔津
54.45
0.00
-36.46
-90.91
-90913.02
135
华电雪湖风电场
45.30
0.00
-45.42
-90.72
-90715.95
136
晋商达坂城风电一场
52.82
0.00
-37.89
-90.71
-90706.33
137
华电达坂城西沟风电二场
36.91
0.00
-52.93
-89.84
-89839.68
138
鲁能十三间房风电一场
47.37
0.00
-41.91
-89.28
-89283.24
139
天鹏大连湖风电一场
65.41
0.00
-21.90
-87.31
-87307.83
140
大唐若羌风电一场
57.72
0.00
-29.19
-86.91
-86909.16
141
龙源高崖子风电三场
57.42
0.00
-28.61
-86.03
-86025.38
142
华能布尔津风电二场
风
35.78
0.00
-50.08
-85.86
-85855.81
电
143
荣风小草湖北风电一场
67.37
0.00
-17.73
-85.10
-85097.95
144
远新小草湖南风电一场
52.25
0.00
-32.70
-84.95
-84947.60
145
华能小草湖南风电一场二期
41.36
0.00
-43.49
-84.85
-84853.68
146
天润玛依塔斯
42.29
0.00
-42.03
-84.32
-84316.03
147
中广核额河风电一场
45.88
0.00
-38.36
-84.24
-84242.89
148
国电三台风电二场
54.49
0.00
-29.75
-84.24
-84242.55
149
布尔津天润风电二场
33.10
0.00
-50.61
-83.71
-83710.42
150
首台风电场
42.96
0.00
-40.75
83.71
-83708.71
151
国源天立布尔津风电一场
53.72
0.00
-29.93
-83.65
-83647.83
152
大唐哈巴河风电一场
45.00
0.00
-38.37
83.37
-83371.27
153
国电玛依塔斯风电一场三期
21.45
0.00
-61.76
-83.21
-83211.88
154
中广核哈密分散式风电场
26.71
0.00
-56.11
-82.82
-82815.85
155
中广核达坂城风电场
38.09
0.00
-44.46
-82.55
-82547.77
156
大唐柴窝堡风电一场
47.78
0.00
-34.62
-82.40
-82401.91
157
新特吉木乃风电一场
39.16
0.00
-43.06
-82.22
-82222.77
158
天润玛依塔斯二期
41.00
0.00
-40.09
81.09
-81094.39
159
华电嘉利风电三场
39.19
0.00
-41.89
-81.08
-81079.42
160
华电小草湖风电场
24.60
0.00
-56.02
-80.62
-80619.35
161
华能布尔津风电场
32.86
0.00
-47.45
-80.31
-80309.27
162
金风达坂城天润风电场
33.27
0.00
-46.30
-79.57
-79567.58
163
申源小草湖南风电一场
46.80
0.00
-32.59
-79.39
-79390.81
164
新华窝依莫克
37.60
0.00
-41.76
-79.36
-79362.34
165
三峡达坂城
45.83
0.00
-32.85
-78.68
-78680.71
166
东豪红星风电一场
47.88
32.40
-62.14
-77.62
-77623.13
167
鲁能达坂城
46.31
0.00
-30.20
-76.51
-76507.88
168
国电天风三场六期
24.19
0.00
-51.74
-75.93
-75927.27
169
国电阿拉山口风电二场（国电艾比湖
52.72
0.00
-22.78
-75.50
-75502.70
风电场）
170
三峡三台风电一场
55.17
0.00
-20.30
-75.47
-75469.48
171
国华玛依塔斯
45.22
0.00
-29.54
-74.76
-74761.49
172
国投小草湖北风电一场
51.42
0.00
-23.14
-74.56
-74556.87
173
吉能布尔津风电一场
28.58
0.00
-45.57
-74.15
-74149.31
174
利源拉斯特风电一场
34.42
0.00
-39.22
-73.64
-73640.70
175
五凌布尔津
26.22
0.00
-45.75
-71.96
-71964.77
176
鲁能达坂城风电场二期
45.16
0.00
-26.34
-71.50
71497.76
177
别斯铁热克
24.92
0.00
-45.97
-70.89
-70891.93

--- 第 12 页 OCR ---
类
序号
电厂名称
考核分数
补偿分数
分摊分
兑现分
兑现金额（元）
型
178
国电龙源高崖子
38.03
0.00
-31.50
69.53
-69530.46
179
大唐达坂城风电
33.35
0.00
-35.30
-68.65
-68647.03
180
龙源高崖子风电二场
36.86
0.00
-31.54
68.40
-68396.20
181
海为达坂城风电场
34.91
0.00
-33.311
-68.22
-68221.38
182
海为支油吉木乃风电场
25.61
0.00
-42.58
-68.19
-68191.15
183
华电嘉利风电二场
25.83
0.00
-40.67
-66.50
-66504.19
184
五凌部善东风电二场
48.20
0.00
-18.09
-66.29
-66293.45
185
中广核哈密分散式风电二场
29.16
0.00
-36.83
-65.99
-65990.14
186
伊吾盾安淳毛湖风电场
36.76
0.00
-26.11
-62.87
-62868.78
187
国电三台风电一场
34.55
0.00
-28.20
-62.75
-62749.87
188
大唐部善东风电一场
42.08
0.00
-20.01
-62.09
-62085.03
189
甬坤分散式黑眼泉风电一场
46.29
0.00
-15.57
-61.86
-61857.23
190
五菱部善东风电场
43.23
0.00
-18.41
-61.64
-61640.87
191
中电投部善东风电一场
41.52
0.00
-19.02
-60.53
-60534.65
192
华电小草湖北风电一场
21.10
0.00
-39.27
-60.37
-60368.36
193
华能小草湖南风电一场
24.31
0.00
-35.04
-59.35
-59353.02
194
中广核吉木乃分散式风电二场
24.84
0.00
-34.23
-59.07
-59070.92
195
水利厅风电场
31.55
0.00
-27.09
-58.64
-58636.28
196
中电投东沟风电一场
38.99
0.00
-19.24
-58.23
-58232.82
197
华电小草湖南风电一场
31.08
0.00
-27.00
-58.08
-58076.99
198
东方民生麻黄沟东风电一场
23.92
0.00
-33.78
-57.70
-57703.60
199
中广核吉木乃分散式风电一场
24.11
0.00
-31.87
-55.98
-55983.04
200
金风天翼实验风电场二期
36.90
0.00
-17.85
-54.75
-54747.09
201
华电达坂城大连湖风电一场
34.24
0.00
-19.62
-53.86
-53861.18
202
振超分散式兴业风电一场
41.73
0.00
-11.40
-53.13
-53128.94
203
华电大连湖风电二场
33.09
0.00
-19.13
-52.22
-52215.85
204
华能小草湖北风电一场
20.03
0.00
-29.50
-49.53
-49528.92
205
华电小草湖风电三场
4.10
0.00
-42.04
-46.14
-46144.30
206
工投科技达坂城风电厂
9.86
0.00
-35.27
-45.13
-45125.27
207
五凌小草湖南风电场
24.07
0.00
-20.97
-45.04
-45038.54
208
中核伊宁县风电一场
25.33
0.00
-18.56
-43.89
-43889.75
209
华电淳毛湖风电一场
38.68
26.40
-31.51
-43.79
-43789.12
210
中广核哈密分散式黄山东矿风电二场
28.63
0.00
-10.31
-38.94
-38942.49
211
风能天翔达坂城风电一场
16.70
0.00
-16.89
-33.59
-33593.83
212
特变哈巴河风电一场
18.62
0.00
-13.95
-32.57
-32570.36
213
申源红岭分散式风电一场
22.77
0.00
-4.04
-26.81
-26805.15
214
立新分散式达子泉风电一场
16.34
0.00
-9.70
-26.04
-26036.87
215
新能麻黄沟东风电一场
0.00
0.00
-24.73
-24.73
-24731.17
216
国电三塘湖风电一场
36.19
52.00
-31.14
-15.33
-15333.03
217
新能发展老风口风电二场
0.00
0.00
0.00
0.00
0.00
218
粤水电巴楚光伏二电站
605.49
0.00
-9.68
-615.17
-615165.50
219
尚检英吉沙光伏一电站
268.59
0.00
-5.08
-273.67
-273672.20
220
九州方园博乐光伏二电站
186.90
0.00
-31.60
-218.50
-218495.77
221
久泰伽师光伏一电站
155.08
0.00
-3.62
-158.70
-158697.94
222
国综能源若羌光伏一电站
117.40
0.00
-29.96
-147.36
-147355.62
223
兴业尉型光伏一电站
129.58
0.00
-7.90
-137.48
-137483.86
224
华能乌什光伏一电站
99.21
0.00
-31.77
-130.98
-130978.59
225
华能奥依塔克光伏一电站
84.63
0.00
-35.50
-120.13
-120127.05
226
华光夏孜盖光伏一电站
90.60
0.00
-24.22
-114.82
-114816.71
227
兴业尉型光伏二电站
93.44
0.00
-5.51
-98.95
-98946.48
228
中电投洛浦光伏一电站
76.27
0.00
-21.90
-98.17
-98167.82
229
风阳额敏光伏一电站
78.35
0.00
-19.21
-97.56
-97555.27
230
浚鑫尉型光伏一电站
86.95
0.00
-5.72
-92.67
-92671.47
231
协合七泉湖光伏一电站
83.31
0.00
-9.34
-92.65
-92645.98
232
新特焉耆光伏一电站
71.07
0.00
-9.23
-80.30
-80297.93
233
图开霍城光伏一电站
70.85
0.00
-7.59
-78.44
-78444.06
234
太科莎车光伏一电站
69.75
0.00
-8.66
-78.41
-78410.64
235
伟业芳草湖光伏一电站
69.11
0.00
-4.93
-74.04
-74039.88
236
普新诚达五家渠光伏一、二电站
57.55
0.00
-15.96
-73.51
-73509.27
237
特变电工阿瓦提光伏电站
61.29
0.00
-11.14
-72.43
-72427.56
238
华光阿瓦提光伏一电站
61.55
0.00
-7.82
-69.37
-69369.88

--- 第 13 页 OCR ---
类
序号
电厂名称
考核分数
补偿分数
分摊分
兑现分
兑现金额（元）
型
239
英利库尔勒光伏一电站
61.05
0.00
-7.15
-68.20
-68199.63
240
恒基阳光图木舒克光伏二电站
60.75
0.00
-4.24
-64.99
-64988.91
241
中利腾晖大河沿光伏一电站
55.06
0.00
-9.87
64.93
-64928.42
242
耀辉三道岭光伏一电站
44.07
0.00
-19.37
-63.44
-63440.45
243
爱康精河光伏电站
50.24
0.00
-8.98
-59.22
-59224.31
244
新华墨玉光伏二电站
15.96
0.00
-39.84
55.80
-55800.22
245
爱康精河光伏二电站
44.34
0.00
-11.31
-55.65
-55652.25
246
九州方园博乐光伏三电站
43.91
0.00
-11.51
-55.42
-55422.66
247
融创光伏电站
24.41
0.00
-30.95
-55.36
-55362.42
248
京能五家渠光伏电站
31.76
0.00
-20.30
-52.06
-52061.35
249
正泰拜城光伏一电站
46.07
0.00
-5.96
-52.03
-52034.19
250
聚阳奇台农场光伏一电站
34.84
0.00
-16.23
-51.07
-51066.79
251
中广核石城子光伏电站
16.10
0.00
-32.62
-48.72
-48718.45
252
瑞城岳普湖光伏一电站
42.58
0.00
-5.65
-48.23
-48227.21
253
中核克拉玛依光伏一电站
22.82
0.00
-25.17
-47.99
-47991.31
254
春晖光伏电站（一、二、三、四期）
18.14
0.00
-28.64
-46.78
-46781.11
255
九州方圆博乐光伏一电站
38.90
0.00
-6.21
-45.11
-45109.33
256
海林连木沁光伏二电站
30.05
0.00
-14.96
-45.01
-45008.50
257
希望创美西山光伏一电站
39.74
0.00
-5.23
-44.97
-44971.31
258
益鑫昇和静光伏一电站
35.35
0.00
-9.29
-44.64
-44641.14
259
阿特斯图木舒克光伏一电站
36.20
0.00
-7.71
-43.91
-43913.81
260
晶科新源光伏一电站
19.98
0.00
-23.65
-43.63
-43631.81
261
天合库米什光伏一电站
14.30
0.00
-29.05
-43.35
-43346.19
262
光晟霍城光伏一电站
25.39
0.00
-16.40
-41.79
-41788.64
263
新华墨玉光伏一电站
26.44
0.00
-15.32
-41.76
-41761.33
264
汇聚成红星四场光伏一电站
31.00
0.00
-9.82
-40.82
-40817.09
265
新特阿克陶光伏一电站
23.63
0.00
-17.18
-40.81
-40807.74
266
坤能库米什光伏一电站
6.67
0.00
-33.65
-40.32
-40314.97
267
中电投连木沁光伏电站
5.23
0.00
-34.85
-40.08
-40082.60
268
国联阳光恰库尔图光伏一电站
30.72
0.00
-8.67
-39.39
-39385.77
269
国综塔县光伏一电站
26.94
0.00
-12.25
-39.19
-39185.30
270
恒嘉克拉玛依光伏一电站
26.01
0.00
-12.85
-38.86
-38863.52
271
国投石城子南光伏一电站
32.52
0.00
-6.13
-38.65
-38645.93
272
天宏阳光红星四场光伏二电站
31.86
0.00
-6.59
-38.45
-38452.60
273
东贝阿拉山口光伏一电站
27.80
0.00
-10.65
-38.45
-38451.07
274
粤水电阿瓦提光伏二电站
32.66
0.00
-5.49
-38.15
-38146.30
275
新特库尔勒光伏一电站
27.08
0.00
-10.68
37.76
-37757.42
276
中富旺七泉湖光伏一电站
31.34
0.00
-5.71
-37.05
-37051.47
277
华电连木沁光伏二电站
9.31
0.00
-26.99
-36.30
-36299.59
278
绿电九师光伏电站
30.82
0.00
-5.18
-36.00
-35996.61
279
正信和静光伏一电站
30.34
0.00
-5.62
-35.96
-35960.02
280
力诺连木沁光伏一电站
29.99
0.00
-5.83
-35.82
-35820.25
281
大唐尼勒克光伏一电站
18.74
0.00
-16.89
-35.63
-35632.41
282
海为若羌光伏二电站
25.19
0.00
-10.01
-35.20
-35202.15
283
昱辉光伏一电站
30.03
0.00
-4.72
-34.75
-34748.79
284
中电投柯坪光伏一电站
28.75
0.00
-5.69
-34.44
-34441.25
285
远成锦业光伏一电站
28.24
0.00
-6.18
-34.42
-34423.34
286
海天达图木舒克光伏一电站
28.75
0.00
-5.66
-34.41
-34407.32
287
华发巴楚光伏一电站
19.37
0.00
-15.04
-34.41
-34405.40
288
华能哈密石城子光伏电站
27.83
0.00
-6.55
-34.38
-34375.80
289
投新石城子南光伏一电站
29.90
0.00
-4.43
-34.33
-34332.71
290
柯坪嘉盛阳光光伏电站
28.83
0.00
-5.33
-34.16
-34162.39
291
美恒夏孜盖光伏电站
20.92
0.00
-13.21
-34.13
34125.34
292
粤水电柯坪光伏一电站
21.94
0.00
-12.16
-34.09
-34094.82
293
东方民生石城子光伏电站
17.38
0.00
-16.61
-33.99
33986.40
294
华光乌什光伏一电站
28.57
0.00
-5.34
-33.91
-33911.27
295
天合库米什光伏二电站
17.66
0.00
-16.23
-33.89
-33892.71
296
华电福新叶城光伏一电站
15.10
0.00
-18.65
-33.75
-33749.29
297
保德英吉沙光伏一电站
27.66
0.00
-5.93
-33.59
-33586.29
298
深能福塔塔县光伏一电站
21.20
0.00
-11.81
-33.01
-33006.72
299
中节能轮台光伏一电站
19.03
0.00
-13.78
-32.81
-32807.68

--- 第 14 页 OCR ---
类
序号
电厂名称
考核分数
补偿分数
分摊分
兑现分
兑现金额（元）
型
300
振发五家渠光伏一电站
24.12
0.00
-8.20
-32.32
-32316.79
301
大唐博湖光伏电站
25.75
0.00
-6.43
-32.18
-32182.08
302
海润精河光伏一电站
25.76
0.00
-4.59
-30.35
-30354.45
303
中利腾晖七泉湖光伏电站
18.47
0.00
-11.81
-30.28
-30277.07
304
新特阿克陶光伏二电站
17.89
0.00
-12.13
-30:02
-30020.56
305
中节能库尔勒光伏一电站
24.45
0.00
-5.30
-29.74
-29744.92
306
海锦吉木乃光伏一电站
24.73
0.00
-4.80
-29.53
-29528.65
307
图颖霍城光伏一电站
17.55
0.00
-11.87
-29.41
-29414.52
308
粤水电夏孜盖光伏电站
23.44
0.00
-5.19
-28.63
-28630.15
309
申能克拉玛依光伏一电站
16.23
0.00
-12.18
-28.41
-28406.05
310
柯坪海润光伏二电站
21.19
0.00
-7.19
-28.38
-28377.36
311
浚鑫红星二场光伏一电站
18.67
0.00
-9.61
-28.28
-28283.46
312
力诺麦盖提光伏一电站
22.92
0.00
-5.26
-28.18
-28183.80
313
中电投博乐光伏一电站
23.73
0.00
-4.09
-27.82
-27816.66
314
中晶乌苏光伏一电站
23.63
0.00
-3.95
-27.58
-27577.34
315
源光阿图什光伏一电站
15.95
0.00
-11.08
-27.03
-27029.97
316
华电焉者光伏电站
21.17
0.00
-5.60
-26.77
-26766.99
317
中电投石城子光伏电站
12.80
0.00
-13.63
-26.43
-26428.28
318
日升皮山光伏一电站
20.56
0.00
-5.65
-26.21
-26206.12
319
丰华精河光伏一电站
21.73
0.00
-4.25
-25.98
-25980.82
320
国华石城子光伏一电站
15.86
0.00
-9.98
-25.84
-25837.45
321
中核夏孜盖光伏一电站
19.84
0.00
-5.67
-25.51
-25508.73
322
中电投柯坪光伏二电站
15.75
0.00
-9.64
-25.39
-25386.21
323
藏疆图木舒克光伏一电站
6.03
0.00
-19.16
-25.19
-25187.62
324
晶科阿拉尔光伏一电站
12.30
0.00
-12.87
-25.17
-25167.06
325
特变电工照壁山光伏二电站
19.16
0.00
-5.75
-24.91
-24907.32
326
汉能庆阳湖光伏一电站
20.16
0.00
-4.74
-24.90
-24901.75
327
龙源奥依塔克光伏一电站
14.02
0.00
-10.74
-24.76
-24755.55
328
协鑫墨玉光伏一电站
18.14
0.00
-6.17
-24.31
-24311.42
329
特变电工小草湖光伏一电站
9.38
0.00
-14.78
-24.16
-24164.11
330
中电投七泉湖光伏一电站（二、
4.55
0.00
-19.52
-24.07
-24071.34
331
通威且末光伏一电站
18.01
0.00
-5.99
-24.00
-23999.47
332
大唐阿克苏光伏一电站
19.32
0.00
-4.64
-23.96
-23959.94
333
赛维皮山光伏一电站
14.69
0.00
-9.22
-23.91
-23906.19
334
舒奇蒙光伏电站
15.10
0.00
-8.59
-23.69
-23691.22
335
俊鑫尉型光伏二电站
17.34
0.00
-6.12
-23.46
-23463.77
336
海林连木沁光伏一电站
7.61
0.00
-15.53
-23.14
-23137.12
337
融信英吉沙光伏一电站
17.75
0.00
-5.32
-23.07
-23069.25
338
宣力柳阳光伏一电站
16.03
0.00
-6.72
-22.75
-22752.35
339
常晖红星四场光伏一电站
12.50
0.00
-10.16
-22.66
-22662.59
340
海天达夏孜盖光伏一电站
14.27
0.00
-7.97
-22.24
-22236.28
341
新特克拉玛依光伏一电站
17.35
0.00
-4.72
-22.07
-22067.92
342
自然天成七泉湖光伏一电站
16.11
0.00
-5.93
-22.04
-22043.87
343
永盛光伏电站
11.62
0.00
-10.16
-21.78
-21779.33
344
华能连木沁光伏电站（一、二期）
9.73
0.00
-11.92
-21.65
-21648.26
345
荣信石城子光伏一电站
8.96
0.00
-12.65
-21.61
-21613.21
346
百事德阿图什光伏一电站
16.13
0.00
-5.20
-21.33
-21334.08
347
尚风麻黄沟西光伏一电站
14.16
0.00
-6.98
-21.14
-21135.07
348
百事德阿图什光伏二电站
15.82
0.00
-5.25
-21.07
-21066.47
349
益鑫阿克陶光伏一电站
15.12
0.00
-5.84
-20.96
-20955.27
350
特变电工七泉湖光伏一电站
9.04
0.00
-11.87
-20.91
-20907.73
351
大唐温泉光伏一电站
14.49
0.00
-6.17
-20.66
-20661.67
352
天润石城子光伏一电站
13.96
0.00
-6.58
-20.54
-20536.05
353
辉腾红星四场光伏一电站
7.39
0.00
-13.05
-20.44
-20435.76
354
天宏和静光伏一电站
11.96
0.00
-8.44
-20.40
-20397.53
355
大唐连木沁光伏一电站
14.70
0.00
-5.57
-20.27
-20272.48
356
恒鑫和硕光伏一电站
10.38
0.00
-9.85
-20.23
-20225.97
357
青河光伏一电站
9.16
0.00
-10.95
-20.11
-20111.29
358
华电策勒光伏电站
7.09
0.00
-12.95
-20.04
-20037.86
359
国华和硕光伏一电站
11.13
0.00
-8.84
-19.97
-19970.15
360
国信阳光若羌光伏一电站
13.54
0.00
-6.19
-19.73
-19730.81

--- 第 15 页 OCR ---
类
序号
电厂名称
考核分数
补偿分数
分摊分
兑现分
兑现金额（元）
型
361
恒基伟业麦盖提光伏一电站
13.69
0.00
-5.79
-19.48
-19482.34
362
国盛阳光温泉光伏一电站
13.83
0.00
-5.60
-19.43
-19430.28
363
丰华精河光伏二电站
15.15
0.00
-4.18
-19.33
-19326.16
364
京能六师北塔山光伏一电站
12.57
0.00
-6.58
-19.15
-19150.36
365
尚德红星二场光伏一电站
9.63
0.00
-9.39
-19.02
-19016.73
366
粤水电疏附光伏一电站
13.00
0.00
-6.00
-19.00
-18999.03
367
益鑫和静光伏一电站
10.17
0.00
-8.82
-18.99
-18987.18
368
大唐哈密石城子光伏电站
5.10
0.00
-13.64
-18.74
-18735.86
369
中水顾问石城子南光伏一电站
12.15
0.00
-6.54
-18.69
-18690.39
光
370
特变电工土墩子光伏一电站
13.14
0.00
-5.51
-18.65
-18651.82
伏
371
中电投柯坪光伏四电站
6.44
0.00
-12.10
-18.54
-18537.20
372
新风于田光伏一电站
11.82
0.00
-6.61
-18.43
-18426.10
373
中建材疏附光伏一电站
12.12
0.00
-6.09
-18.21
-18212.93
374
柳阳三道岭光伏一电站
11.54
0.00
-6.65
-18.19
-18191.59
375
三峡皮山光伏电站
4.95
0.00
-12.98
-17.93
-17927.68
376
华光阿图什光伏一电站
9.25
0.00
-8.65
-17.90
-17895.55
377
海天达北屯光伏一电站
11.87
0.00
-5.46
-17.32
-17324.74
378
国华莫合台光伏一电站
12.30
0.00
-4.93
-17.23
-17226.42
379
鑫晶铁门关光伏一电站
11.49
0.00
-5.64
-17.13
-17126.85
380
益鑫石城子光伏一电站
10.88
0.00
-6.24
-17.12
-17115.89
381
华电石城子光伏电站
3.74
0.00
-13.36
-17.10
-17096.17
382
恒基阳光图木舒克光伏一电站
10.37
0.00
-6.72
-17.09
-17094.48
383
特变电工碧流河光伏一电站
11.74
0.00
-5.22
-16.96
-16956.14
384
国电能源石城子光伏二电站
9.92
0.00
-6.92
-16.84
-16836.18
385
晶芯沙雅光伏二电站
11.16
0.00
-5.43
-16.58
-16584.63
386
天利恩泽连木沁光伏一电站
10.86
0.00
-5.70
-16.56
-16561.36
387
特变电工疏附光伏一电站
10.79
0.00
-5.71
-16.50
-16497.43
388
英利正繁户光伏一电站
12.94
0.00
-3.51
-16.45
-16453.31
389
国电石城子光伏电站
9.48
0.00
-6.93
-16.41
-16411.30
390
科陆察县光伏一电站
8.94
0.00
-7.42
-16.36
-16359.28
391
源兴叶城光伏一电站
7.81
0.00
-8.43
-16.24
-16237.13
392
海为若羌光伏电站
10.36
0.00
-5.85
-16.21
-16208.08
393
鑫昇图木舒克光伏一电站
10.67
0.00
-5.53
-16.20
-16201.97
394
中广核图木舒克光伏一电站
7.61
0.00
-8.58
-16.19
-16188.73
395
蒙新图木舒克光伏一电站
10.81
0.00
-5.33
-16.14
-16138.06
396
振和和静光伏一电站
7.41
0.00
-8.70
-16.11
-16113.68
397
国家电投若美一期光伏电站
8.93
0.00
-7.18
-16.11
-16111.29
398
克州新隆光伏一电站
10.02
0.00
-6.01
-16.02
-16024.63
399
柳瑞柳阳光伏一电站
9.14
0.00
-6.78
-15.92
-15917.95
400
拓日喀什光伏一电站
9.95
0.00
-5.95
-15.90
-15901.56
401
中利腾晖七泉湖光伏三电站
3.81
0.00
-11.92
-15.73
-15728.27
402
大唐博湖光伏二电站
8.89
0.00
-6.80
-15.69
-15689.32
403
联星七泉湖光伏一电站
10.20
0.00
-5.42
-15.62
-15617.04
404
华瑞雀仁光伏一电站
9.66
0.00
-5.88
-15.54
-15535.74
405
金太阳图木舒克光伏一电站
7.39
0.00
-8.00
-15.39
-15389.67
406
浚科尉犁光伏一电站
9.22
0.00
-5.83
-15.05
-15052.89
407
特变电工小草湖光伏二电站
9.26
0.00
-5.78
-15.04
-15040.97
408
兴光阿图什光伏一电站
6.34
0.00
-8.65
-14.99
-14985.55
409
埃菲生福海光伏一电站
5.69
0.00
-9.29
-14.98
-14982.88
410
力诺石城子光伏一电站
8.30
0.00
-6.68
-14.98
-14981.87
411
晶芯沙雅光伏电站
9.76
0.00
-5.22
-14.98
-14979.93
412
乌什风岭光伏一电站
5.89
0.00
-9.03
-14.92
-14916.80
413
中电投红星二场光伏一电站
8.15
0.00
-6.57
-14.72
-14723.27
414
晶隆温泉光伏一电站
10.57
0.00
-4.12
-14.69
-14691.97
415
昌晟阿克陶光伏一电站
8.79
0.00
-5.79
-14.58
-14582.74
416
荣信图木舒克光伏一电站
9.38
0.00
-5.08
-14.46
-14458.84
417
粤水电阿瓦提光伏三电站
9.15
0.00
-5.31
-14.46
-14458.53
418
利商芳草湖光伏一电站
8.85
0.00
-5.48
-14.33
-14332.91
419
新特吉木萨尔光伏一电站
8.60
0.00
-5.68
-14.28
-14281.15
420
锦城石城子光伏一电站
7.55
0.00
-6.63
-14.18
-14178.94
421
福新木垒光伏一电站
7.56
0.00
-6.61
-14.17
-14169.86

--- 第 16 页 OCR ---
类
序号
电厂名称
考核分数
补偿分数
分摊分
型
兑现分
兑现金额（元）
422
日月辉温宿光伏一电站
8.75
0.00
-5.36
-14.11
-14113.98
423
源光叶城光伏一电站
4.93
0.00
-9.09
-14.02
-14024.31
424
浚鑫疏附光伏一电站
8.63
0.00
-5.28
-13.91
-13914.23
425
特变电工照壁山光伏一电站
7.91
0.00
-6.00
-13.91
-13911.13
426
大唐吐鲁番七泉湖光伏一电站
7.86
0.00
-5.79
-13.65
-13653.60
427
新特墨玉光伏一电站
7.85
0.00
-5.72
-13.57
13566.53
428
粤水电莎车光伏一电站
7.49
0.00
-6.03
-13.52
-13519.86
429
振发岳普湖光伏一电站
7.77
0.00
-5.67
-13.44
-13441.04
430
天宏阳光红星四场光伏
3.41
0.00
-9.79
-13.20
-13201.45
431
中电投精河光伏一电站
8.42
0.00
-4.60
-13.02
-13018.78
432
新源乡南光伏一电站
7.72
0.00
-5.29
-13.01
-13006.90
433
中节能石城子南光伏一电站
6.38
0.00
-6.60
-12.98
-12981.05
434
新润皮山光伏一电站
8.33
0.00
-4.59
-12.92
-12920.62
435
恒晟光伏电站
4.63
0.00
-8.28
-12.91
-12914.15
436
北屯蓝天光伏一期
7.20
0.00
-5.69
-12.89
-12891.26
437
国新塔什库尔干一电站
6.45
0.00
-6.39
-12.84
-12835.87
438
盛腾疏勒光伏一电站
7.06
0.00
-5.77
-12.83
-12828.41
439
恒灿福海光伏一电站
7.40
0.00
-5.37
-12.77
-12767.77
440
中电投精河光伏二电站
8.69
0.00
-4.04
-12.73
-12728.03
441
欣荣图木舒克光伏一电站
7.03
0.00
-5.58
-12.61
-12605.00
442
海鑫七泉湖光伏一电站
6.47
0.00
-6.12
-12.59
-12589.60
443
新特柳阳光伏一电站
6.16
0.00
-6.37
-12.53
-12528.54
444
四通图木舒克光伏一电站
6.94
0.00
-5.54
-12.47
-12474.93
445
正泰图木舒克光伏一电站
6.68
0.00
-5.76
-12.44
-12442.63
446
中建材柯坪光伏一电站
7.36
0.00
-5.01
-12.37
-12373.71
447
中利尼勒克光伏一电站
6.87
0.00
-5.31
-12.18
-12175.78
448
中电投石城子南光伏一电站
5.33
0.00
-6.78
-12.11
-12113.00
449
华能焉耆光伏一电站
5.71
0.00
-6.18
-11.89
-11892.58
450
中广核英吉沙光伏一电站
5.87
0.00
-5.98
-11.85
-11846.83
451
汉能库尔勒光伏一电站
6.96
0.00
-4.87
-11.83
-11828.54
452
粤水电阿瓦提光伏一电站
3.63
0.00
-8.13
-11.75
-11754.51
453
新奥焉者光伏一电站
5.86
0.00
-5.87
-11.73
-11726.39
454
综艺乌恰光伏一电站
6.29
0.00
-5.43
-11.72
-11723.48
455
正泰图木舒克光伏二电站
6.06
0.00
-5.55
-11.60
-11604.82
456
中利腾晖七泉湖光伏二电站
2.05
0.00
-9.50
-11.55
-11546.71
457
民丰昂立光伏一电站
4.82
0.00
-6.57
-11.38
-11384.65
458
枫霖叶城光伏一电站
5.44
0.00
-5.93
-11.37
-11365.20
459
海为博湖光伏电站
5.26
0.00
-5.90
-11.16
-11160.65
460
天华伟业英吉沙光伏一电站
5.48
0.00
-5.61
-11.09
-11085.51
461
特变石城子南光伏一电站
4.39
0.00
-6.69
-11.08
-11076.97
462
五凌青河光伏一电站
5.31
0.00
-5.66
-10.97
-10970.93
463
新华波波娜光伏一电站
4.86
0.00
-6.04
-10.90
-10896.40
464
恒鑫红星二场光伏电站
4.49
0.00
-6.36
-10.85
-10853.49
465
汉能石城子光伏一电站
4.71
0.00
-6.12
-10.83
-10832.54
466
龙柏乌什光伏一电站
5.11
0.00
-5.60
-10.71
-10705.73
467
新特阿图什光伏一电站
4.91
0.00
-5.65
-10.56
-10562.77
468
三峡石城子光伏一电站
3.79
0.00
-6.71
-10.49
-10494.54
469
弗光石城子光伏一电站
7.70
0.00
-2.72
-10.42
-10421.10
470
中科恒源石城子光伏一电站
3.90
0.00
-6.52
-10.42
-10415.58
471
新风水岩光伏一电站
4.78
0.00
-5.60
-10.38
-10382.37
472
瑞城叶城光伏一电站
4.41
0.00
-5.91
-10.32
-10318.59
473
东润环能图木舒克光伏一电站
4.42
0.00
-5.82
-10.24
-10237.94
474
中节能连木沁光伏二电站
3.75
0.00
-6.45
-10.20
-10201.93
475
特变察县光伏一电站
4.98
0.00
-5.21
-10.19
-10186.39
476
三峡连木沁光伏二电站
3.66
0.00
-6.51
-10.17
-10172.58
477
高科岳普湖光伏一电站
4.66
0.00
-5.49
-10.15
-10149.48
478
中节能柯坪光伏一电站
4.37
0.00
-5.75
-10.12
-10116.10
479
英利库尔勒光伏二电站
4.83
0.00
-5.28
-10.11
10105.10
480
航天卓越光伏一电站
3.64
0.00
-6.45
-10.09
-10090.67
481
正国图木舒克光伏一电站
4.47
0.00
-5.60
-10.07
-10071.79
482
中电电气福海光伏一电站
4.82
0.00
-5.17
-9.99
-9987.62

--- 第 17 页 OCR ---
类
序号
电厂名称
考核分数
补偿分数
分摊分
兑现分
型
兑现金额（元）
483
金太阳库米什光伏一电站
3.74
0.00
-6.22
-9.96
-9955.51
484
华光乌什光伏二电站
4.06
0.00
-5.87
-9.93
-9925.56
485
佳灵石城子光伏一电站
3.11
0.00
-6.80
-9.91
-9905.24
486
利能疏勒光伏一电站
4.58
0.00
-5.29
-9.87
-9867.73
487
安培琪连木沁光伏一电站
3.83
0.00
-6.01
-9.84
-9842.21
488
旭双和静光伏一电站
3.75
0.00
-6.00
-9.75
-9747.05
489
华光霍城光伏一电站
4.35
0.00
-5.38
-9.73
-9732.43
490
晶嘉博湖光伏一电站
3.46
0.00
-6.26
-9.72
-9722.40
491
清源皮山光伏一电站
3.65
0.00
-6.03
-9.68
-9683.37
492
鄯善光伏电站
3.34
0.00
-6.29
-9.63
-9627.66
493
汉能新和光伏电站
4.78
0.00
-4.84
-9.62
-9617.06
494
天华库车光伏一电站
4.53
0.00
-5.08
-9.61
-9613.46
495
汇能库尔勒光伏一电站
4.09
0.00
-5.33
-9.41
-9414.67
496
兆能博湖光伏一电站
3.52
0.00
-5.81
-9.33
-9325.63
497
海为尉型光伏一电站
3.41
0.00
-5.91
-9.32
-9323.65
498
华电石城子光伏二电站
2.60
0.00
-6.66
-9.26
-9259.21
499
荣信石城子南光伏一电站
2.80
0.00
-6.44
-9.24
-9244.36
500
特变电工石城子光伏一电站
2.45
0.00
-6.74
-9.18
-9184.76
501
金坛麦盖提光伏一电站
3.78
0.00
-5.37
-9.15
-9152.83
502
乌什华阳伟业光伏一电站
3.62
0.00
-5.44
-9.06
-9063.59
503
天华阳光阿瓦提光伏一电站
4.03
0.00
-5.03
-9.06
-9059.31
504
金太阳和静光伏一电站
3.47
0.00
-5.57
-9.04
-9039.62
505
华电连木沁光伏一电站
2.87
0.00
-6.15
-9.02
-9018.67
506
中核轮台光伏一电站
2.84
0.00
-6.12
-8.96
-8958.60
507
中水顾问哈密石城子光伏电站
2.63
0.00
-6.27
-8.90
-8896.15
508
中闽红星二场光伏一电站
2.16
0.00
-6.57
-8.73
-8725.67
509
协合连木沁光伏一电站
3.01
0.00
-5.65
-8.66
-8658.29
510
阿特斯石城子南光伏一电站
2.01
0.00
-6.60
-8.61
-8605.99
511
新天和静光伏一电站
2.46
0.00
-6.10
-8.56
-8555.61
512
中电投柯坪光伏三电站
2.45
0.00
-5.84
-8.29
-8287.83
513
金华乌什光伏一电站
2.53
0.00
-5.58
-8.11
-8109.19
514
新特柳树泉光伏一电站
1.33
0.00
-6.66
-7.99
-7990.68
515
光润焉者光伏一电站
2.15
0.00
-5.83
-7.98
-7976.28
516
粤水电巴楚光伏一电站
1.96
0.00
-5.54
-7.50
-7499.04
517
天华柯坪光伏一电站
1.91
0.00
-5.40
-7.31
-7305.07
518
海润岳普湖光伏一电站
1.75
0.00
-5.09
-6.83
-6834.58
519
裕天锦业光伏电站
0.00
0.00
-0.86
-0.86
-857.59
520
意隆九运街光伏电站
0.00
0.00
-0.34
-0.34
-341.46
521
汉能福海光伏一电站
0.00
0.00
0.00
0.00
0.00
522
裕天且末光伏一电站
0.00
0.00
0.00
0.00
0.00
合计
33868
76587
-42719
0
0

--- 第 19 页 OCR ---
附件2
2022年9月天中直流配套电源
“两个细则”
考核补偿公布结果
考核
电厂名称
补偿总分
分摊分
兑现分
兑现金额（元）
总分
南湖电厂
0.00
5266.29
-1945.58
3320.71
3320714.80
花园电厂
330.00
14795.88
-8412.59
6053.29
6053288.81
绿洲电厂
0.00
7219.01
-2104.19
5114.83
5114825.62
兵红电厂
709.85
5174.35
-2148.
.47
2316.
04
2316038.34
大唐红星风电一场
126.35
0.00
-176.68
-303.03
-303029.09
大唐麻黄沟风电场
36.28
0.00
-38.39
-74.67
-74670.20
大唐淖毛湖风电一场
162.
69
0.00
-131.4
40
-294.
09
-294085.48
东方民生麻黄沟东风电
55.73
0.00
-136.82
-192.5
55
-192552.90
一场(二三四期)
东方民生淳毛湖风电场
76.90
0.00
-40.50
-117.40
-117404.02
丰源麻黄沟西风电场
40.52
0.00
-43.77
-84.29
-84293.74
国电电力三塘湖上湖风
82.70
0.00
-90.44
-173.14
-173143.46
电一场
国电景峡东风电二场
184.63
0.00
-265.61
-450.24
-450242.68
国电景峡东风电一场
202.85
0.00
-291.68
-494.53
-494531.05
国华景峡北风电一场
172.28
0.00
-323.89
-496.17
-496174.13
国华景峡南风电二场
325.31
0.00
-383.39
-708.70
-708701.52
国华景峡南风电一场
353.11
0.00
-369.56
-722.67
-722671.40
国华景峡西风电一场
162.
83
0.00
-274.16
-436.99
-436991.37
国华望洋台风电一场
167.8
87
0.00
-223.
3.37
-391.
24
-391240.46
国投景峡南风电一场
103.98
0.00
-152.13
-256.11
-256111.39
国投麻黄沟东风电一场
46.60
0.00
-42.96
-89.56
-89556.93
国投庙尔沟风电一场
151.96
0.00
-268.43
-420.39
-420394.40
国投淖毛湖南风电一场
59.25
0.00
21.56
-80.81
-80809.47
国投思甜北风电一场
304.78
0.
00
-373.35
-678.
13
-678127.09
弘毅红星风电一场
76.05
0.00
-92.42
-168.47
-168473.61
华电庙尔沟风电一场
143.21
0.00
-224.41
-367.6
62
-367616.95
华电淖毛湖风电一场（二
26.76
0.
00
-37.85
-64.61
-64610.16
期)
华能麻黄沟西风电一期
28.43
0.00
-62.86
-91.29
-91293.09

--- 第 20 页 OCR ---
华能望洋台西风电一场
203.55
0.00
-233.43
-436.98
-436979.02
华冉景峡南风电一场
105.98
0.00
-146.56
-252.54
-252542.21
华冉烟墩南风电二场
82.49
0.00
-128.51
-211.00
-211001.89
疆能回庄子风电一场
251.37
0.00
-180.30
-431.67
-431669.56
疆源回庄子风电一场
238.97
0.00
-158.37
397.34
-397341.46
疆源淳毛湖南风电一场
34.51
0.00
-32.82
-67.33
-67331.02
疆源望洋台风电一场
162.05
0.00
-208.38
-370.43
-370430.09
宽洋麻黄沟东风电一场
62.08
0.00
-42.03
-104.
11
-104108.73
龙源麻黄沟东风电一场
52.11
0.00
-98.6
67
-150.78
-150775.59
（三四期）
龙源望洋台西风电一场
140.10
0.00
-276.38
-416.
48
-416482.91
蒲类海麻黄沟西风电一
25.80
0.00
-50.12
-75.92
-75922.61
场
融信望洋台东风电一场
110.97
0.00
-193.99
-304.96
-304963.05
润天回庄子风电一场
163.18
0.00
-227.
33
-390.51
-390508.29
三峡国投淳毛湖风电一
41.08
0.00
-22.
46
-63.54
-63542.35
场
尚风麻黄沟西风电一场
48.91
0.00
-42.36
-91.27
-91270.63
盛天麻黄沟西风电一场
67.49
0.00
-78.67
-146.16
-146163.93
盛新思甜东风电一场
217.35
0.00
-227.78
-445.13
-445129.40
特变思甜东风电一场
235.50
0.00
-239.94
-475.44
-475438.77
天电麻黄沟风电场
82.62
0.00
-80.80
-163.42
-163423.72
天润国投淖毛湖南风电
48.42
0.00
-40.51
-88.93
-88926.49
一场
新华麻黄沟西风电一场
79.60
0.00
37.50
-117.10
-117099.13
新能麻黄沟东风电一场
4.19
0.00
-34.24
-38.
43
-38425.26
(二期)
新特红星风电一场
68.77
0.00
85.54
-154.31
-154312.58
宣力红星风电一场
241.69
0.00
-267.42
-509.
.11
-509109.57
伊吾盾安淖毛湖风电场
34.22
0.00
-14.09
-48.31
-48311.82
(二期)
中电建望洋台东风电一
145.28
0.00
-192.81
-338.09
-338084.96
场
中电投国投淳毛湖南风
51.98
0.00
-20.92
-72.90
-72901.55
电一场
中电投景峡西风电一场
166.42
0.00
-224.35
-390.77
-390768.16
中电投望洋台东风电一
84.89
0.00
-97.57
-182.46
-182462.01
场
中广核国投淳毛湖南风
71.15
0.00
-23.91
-95.06
-95060.34
电一场

--- 第 21 页 OCR ---
中广核麻黄沟西风电一
60.34
0.00
-45.93
-106.27
-106267.16
场
中广核望洋台东风电一
124.80
0.00
-210.51
-335.31
-335314.94
场
中核庙尔沟风电一场
174.89
0.00
-254.73
-429.62
-429624.22
中节能景峡北风电一场
184.29
0.00
-290.15
-474.44
-474444.19
大唐雅满苏光伏一电站
3.42
0.00
-45.83
-49.25
-49249.33
国电红星四场光伏一电
3.56
0.00
37.76
-41.32
-41319.03
站
国华景峡西光伏一电站
11.72
0.00
-43.51
-55.23
-55233.85
国华兴民光伏一电站
3.52
0.00
-40.93
-44.45
-44453.46
国投思甜北光伏一电站
99.28
0.00
-39.
9.82
-139.10
-139104.07
华电庙尔沟光伏一电站
5.40
0.
00
-40.69
-46.09
-46085.94
华能雅满苏光伏一电站
2.69
0.
00
-39.11
-41.80
-41803.24
疆能回庄子光伏一电站
37.30
0.00
-80.75
-118.05
-118050.10
疆源兴民光伏一电站
5.58
0.00
-40.71
46.29
-46290.69
疆源雅满苏光伏一电站
6.18
0.00
-40.57
-46.
75
-46750.85
荣信雅满苏光伏一电站
12.63
0.00
-43.06
-55.6
69
-55685.09
特变思甜东光伏一电站
37.58
0.00
-37.62
-75.2
20
-75195.86
特变雅满苏光伏一电站
10.21
0.00
-130.27
-140.48
-140480.34
天利恩泽雅满苏光伏一
3.39
0.00
-42.94
46.33
-46327.58
电站
宣力兴民光伏一电站
9.35
0.00
-41.08
-50.43
-50431.97
源和三道岭光伏一电站
8.87
0.00
-77.23
-86.
10
-86095.94
中电建雅满苏光伏一电
11.62
0.00
-44.36
-55.98
-55976.03
站
中电投景峡西光伏一电
2.38
0.00
-41.16
-43.54
-43542.41
站
中广核雅满苏光伏一电
1.77
0.00
-42.08
-43.85
-43845.53
站
中节能思甜东光伏一电
3.29
0.00
-42.79
-46.08
-46084.06
站
合计
8277.7
32455.53
24177.84
0.00
0.00

--- 第 23 页 OCR ---
附件2
2022年10月天中直流配套电源
两个细则
考核补偿公布结果
考核总
电厂名称
补偿总分
分摊分
兑现分
兑现金额（元）
分
南湖电厂
0.00
5202.20
-2997.39
2204.81
2204810.66
花园电厂
0.00
16781.45
-9403.73
7377.72
7377719.97
绿洲电厂
0.00
9238.51
-3349.69
5888.83
5888825.67
兵红电厂
113.71
9144.
06
-4326.16
4704.
18
4704184.30
大唐红星风电一场
92.42
68.00
-323.63
348.05
-348051.44
大唐麻黄沟风电场
29.33
0.00
-68.06
-97.39
-97387.13
大唐淳毛湖风电一场
121.62
0.00
-339.75
461.37
-461365.50
东方民生麻黄沟东风电
43.50
0.00
-187.37
-230.87
-230871.93
场(二三四期)
东方民生淖毛湖风电场
91.27
0.00
-60.42
-151.69
-151687.99
丰源麻黄沟西风电场
39.49
30.00
-88.
58
-98.
07
-98072.29
国电电力三塘湖上湖风电
92.77
0.00
-124.70
-217.47
-217473.88
一场
国电景峡东风电二场
188.00
0.00
-414.68
-602.68
-602680.97
国电景峡东风电一场
130.23
5.20
-450.29
-575.32
-575317.69
国华景峡北风电一场
131.15
0.00
-501.06
-632.21
-632210.47
国华景峡南风电二场
243.85
0.00
-490.93
-734.78
-734782.92
国华景峡南风电一场
272.35
0.00
-500.47
-772.82
-772819.70
国华景峡西风电一场
175.53
0.00
-337.89
-513.42
-513418.78
国华望洋台风电一场
153.99
46.
80
-338.51
445.70
-445703.32
国投景峡南风电一场
76.61
0.00
-210.40
287.01
-287009.82
国投麻黄沟东风电一场
89.32
0.00
-57.86
147.18
-147182.06
国投庙尔沟风电一场
146.59
0.00
-377.96
-524.55
-524550.12
国投淳毛湖南风电一场
61.24
0.00
-38.26
-99.50
-99497.07
国投思甜北风电一场
240.76
0.00
-503.22
-743.98
-743982.14
弘毅红星风电一场
50.45
52.40
-171.76
-169.81
-169813.23
华电庙尔沟风电一场
115.37
0.00
-258.
82
374.
19
-374185.13
华电淖毛湖风电一场（二
35.75
0.00
-64.3
32
-100.
07
-100069.14
期)
华能麻黄沟西风电一期
53.03
37.2
20
-114.27
-130.
.10
-130103.53
华能望洋台西风电一场
163.24
0.00
-359.71
-522.95
-522948.33
华冉景峡南风电一场
80.66
0.00
-187.61
-268.27
-268272.84
华冉烟墩南风电二场
68.74
0.00
-205.43
-274.17
-274171.70

--- 第 24 页 OCR ---
疆能回庄子风电一场
190.15
0.00
-228.04
-418.19
-418192.73
疆源回庄子风电一场
194.12
12.80
-235.64
-416.96
-416961.77
疆源淳毛湖南风电一场
48.47
30.80
-63.26
-80.93
-80933.42
疆源望洋台风电一场
177.01
0.00
-268.21
-445.22
-445221.25
宽洋麻黄沟东风电一场
48.87
0.00
-62.12
-110.99
-110985.63
龙源麻黄沟东风电一场
46.78
0.00
-116.78
-163.56
-163559.84
（三四期）
龙源望洋台西风电一场
121.15
92.00
-309.81
-338.96
-338957.03
蒲类海麻黄沟西风电一场
27.16
0.00
-71.77
-98.93
-98930.56
融信望洋台东风电一场
87.70
0.00
-248.12
-335.82
-335824.94
润天回庄子风电一场
141.13
0.00
-320.14
461.27
-461274.60
三峡国投淖毛湖风电一场
40.29
0.00
-41.08
-81.37
-81374.09
尚风麻黄沟西风电一场
54.03
0.00
-67.06
-121.09
-121092.79
盛天麻黄沟西风电一场
56.26
0.00
-122.61
-178.87
-178870.86
盛新思甜东风电一场
180.47
0.00
-294.63
-475.10
-475097.27
特变思甜东风电一场
202.36
0.00
-321.97
-524.33
-524331.65
天电麻黄沟风电场
64.10
0.00
-134.07
-198.17
-198173.40
天润国投淳毛湖南风电
96.73
0.00
-107.89
-204.62
-204622.15
场
新华麻黄沟西风电一场
83.39
0.00
-60.43
-143.82
-143817.71
新能麻黄沟东风电一场
3.62
0.00
-44.73
-48.35
-48346.94
(二期)
新特红星风电一场
73.45
0.00
-115.23
-188.68
188679.00
宣力红星风电一场
235.46
0.00
-394.21
629.67
-629669.21
伊吾盾安淳毛湖风电场
34.94
0.00
-36.21
-71.15
-71147.68
(二期)
中电建望洋台东风电一场
107.79
0.
00
-303.35
411.
14
-411143.84
中电投国投淳毛湖南风电
38.23
0.00
-51.75
-89.98
-89981.77
一场
中电投景峡西风电一场
125.
19
0.
00
-389.78
-514.97
-514971.22
中电投望洋台东风电一场
58.09
48.
80
-213.83
-223.
12
-223116.31
中广核国投淳毛湖南风电
52.90
0.
00
-37.13
-90.03
-90034.35
一场
中广核麻黄沟西风电一场
46.95
0.00
-67.25
-114.20
-114196.92
中广核望洋台东风电一场
88.36
50.00
-317.94
-356.30
-356297.51
中核庙尔沟风电一场
137.44
0.00
-308.96
-446.40
-446397.75
中节能景峡北风电一场
157.77
3.60
-595.50
-749.67
-749669.86
大唐雅满苏光伏一电站
4.27
0.00
-86.18
-90.45
-90448.99
国电红星四场光伏一电站
3.99
0.00
-64.28
68.27
-68266.18
国华景峡西光伏一电站
14.84
0.00
-60.41
-75.25
-75245.20

--- 第 25 页 OCR ---
国华兴民光伏一电站
4.79
0.00
-57.22
-62.01
-62010.65
国投思甜北光伏一电站
123.74
0.00
-61.56
-185.30
-185297.49
华电庙尔沟光伏一电站
9.71
0.00
-61.55
-71.26
-71262.99
华能雅满苏光伏一电站
9.10
0.00
-64.15
-73.25
-73245.75
疆能回庄子光伏一电站
66.76
0.00
-135.47
202.
23
-202226.09
疆源兴民光伏一电站
9.29
0.00
-63.63
-72.
92
-72924.76
疆源雅满苏光伏一电站
3.16
0.00
66.88
-70.
04
-70043.87
荣信雅满苏光伏一电站
4.29
0.00
66.
81
71.
10
-71102.56
特变思甜东光伏一电站
15.13
0.00
-63.00
-78.
13
-78127.96
特变雅满苏光伏一电站
18.75
0.00
-202.
23
220.
98
-220984.56
天利恩泽雅满苏光伏一电
3.77
0.00
-68.
48
72.
25
-72251.05
站
宣力兴民光伏一电站
10.26
0.00
-66.
07
-76.
33
-76325.38
源和三道岭光伏一电站
6.40
0.00
-126.8
86
133
26
-133264.43
中电建雅满苏光伏一电站
7.87
0.00
-72.92
80.79
-80786.30
中电投景峡西光伏一电站
2.67
0.00
-69.
14
-71.
81
-71807.41
中广核雅满苏光伏一电站
3.15
0.00
64.96
68.
.11
-68108.62
中节能思甜东光伏一电站
5.11
0.00
-71.20
-76.31
-76307.19
合计
6448.38
40843.82
-34395.43
0.00
0.00

--- 第 27 页 OCR ---
附件3
2022年9月吉泉直流配套电源
“两个细则”
考核补偿公布结果
电厂名称
考核总分
补偿总分
分摊分
兑现分
兑现金额（元）
古海一厂
155.59
5714.32
-1100.20
4458.52
4458524.02
古海二厂
5892.65
5099.03
-1138.40
-1932.
.02
-1932019.69
雅丹一厂
2274.48
6681.47
-1040.16
3366.8
83
3366833.10
雅丹二厂
6393.08
1959.18
-986.40
-5420.30
-5420296.80
金满电厂
2393.34
5958.
.13
-1044.93
2519.8
86
2519862.73
北庭电厂
282.96
6269.
.13
-1199.23
4786.94
4786942.08
采风丝木大石头风电
110.01
0.00
-80.5
55
-190.5
56
-190560.47
一场
大唐老君庙风电一场
102.58
0.00
-41.
56
-144.
14
-144138.02
东方民生老君庙风电
96.91
0.00
-24.3
38
-121.
29
-121294.03
一场
盾安老君庙风电一场
42.55
0.00
-12.50
-55.05
-55046.47
风阳北塔山风电场
135.20
0.00
-30.60
-165.80
-165797.66
国电恰库尔图风电一
51.62
0.00
-12.47
-64.09
-64088.79
场
国源天立木垒风电一
47.81
0.00
-21.38
-69.19
-69191.00
场
海元老君庙风电一场
78.85
0.00
-26.04
-104.89
-104894.69
华电福新老君庙风电
70.38
0.00
-34.09
-104.47
-104465.05
一场
华电木垒大石头风电
135.20
0.00
-78.45
-213.65
-213650.00
一场
华风北塔山风电一场
105.49
0.00
-42.01
-147.50
-147504.70
华能老君庙风电一场
60.13
0.00
-12.66
-72.79
-72792.53
华能萨尔托海风电场
59.36
0.00
-12.68
-72.04
-72036.37
华荣老君庙风电一场
42.31
0.00
-12.16
-54.47
-54471.13
汇能老君庙风电一场
85.20
0.00
-40.99
-126.19
-126190.63
吉峰布尔津风电场
0.00
0.00
0.00
0.00
0.00
嘉裕大石头风电一场
131.98
0.00
-57.79
-189.77
-189770.97
京能北塔山风电场
116.30
0.00
-26.63
-142.93
-142925.92
晶能布尔津风电一场
141.01
0.00
-43.35
-184.36
-184355.41
浦海木垒风电一场
247.97
0.00
-29.10
-277.07
-277073.07
乾慧老君庙风电一场
106.04
0.00
-37.09
-143.13
-143128.08

--- 第 28 页 OCR ---
乾新昌吉木垒老君庙
38.90
0.00
-13.37
-52.27
风电一场
-52268.31
乾元老君庙风电一场
41.90
0.00
-15.68
-57.58
-57579.40
乾智老君庙风电一场
164.12
0.00
-49.54
-213.66
-213663.03
三峡北塔山风电场
87.52
0.00
-30.08
-117.60
-117603.11
三峡北塔山风电二场
87.45
0.00
-31.32
-118.77
-118766.02
三峡北塔山风电三场
206.43
0.00
-73.91
-280.34
-280338.06
三峡布尔津风电场
92.69
0.00
-38.25
-130.94
-130938.36
上电大石头风电一场
64.52
0.00
-27.57
-92.09
-92086.96
深能老君庙风电一场
181.84
0.00
-75.10
-256.94
-256943.35
丝路老君庙风电一场
54.42
0.00
-16.01
-70.43
-70430.61
特中变老君庙风电一
56.99
0.00
-14.39
-71.38
场
-71382.39
天立老君庙风电一场
41.50
0.00
-14.01
-55.51
-55505.82
天润富蕴风电一场
54.16
0.00
-17.58
-71.74
-71735.32
天润木垒风电一场
98.59
0.00
-35.88
-134.47
-134474.10
通川老君庙风电一场
61.84
0.00
-14.09
-75.93
-75931.14
协鑫北塔山风电一场
70.16
0.00
-20.28
-90.44
-90438.51
信友北塔山风电一场
84.39
0.00
-20.32
-104.71
-104705.41
统原老君庙风电一场
59.35
0.00
-34.61
-93.96
-93960.92
西北水电北塔山风电
98.14
0.00
-41.89
一场
-140.03
-140030.15
新科奇台风电一场
147.38
0.00
-38.45
-185.83
-185833.51
鑫和信北塔山风电一
101.28
0.00
-40.40
-141.68
场
-141675.56
鑫垣北塔山风电一场
92.20
0.00
-37.10
-129.30
-129301.91
粤水电北塔山风电一
68.18
0.00
-20.22
-88.40
-88403.15
场
中闽大石头风电一场
99.89
0.00
-69.80
-169.69
-169693.08
浙能北塔山风电一场
103.42
0.00
-37.20
-140.62
-140621.85
中电投老君庙风电三
127.20
0.00
-32.89
-160.09
场
-160089.46
中电投老君庙风电四
159.55
0.00
-77.89
-237.44
-237440.10
场
中电投木垒老君庙风
92.84
0.00
电一场
-23.76
-116.60
-116599.29
中广核老君庙风电一
37.57
0.00
-17.02
-54.59
-54591.77
场
中机国能北塔山风电
96.38
0.00
一场
-37.34
-133.72
-133717.17

--- 第 29 页 OCR ---
爱康奇台农场光伏一
16.81
0.00
-14.16
-30.97
-30971.74
电站
保利北塔山光伏一电
12.35
0.00
-30.48
-42.83
-42832.34
站
采田木垒光伏一电站
64.23
0.00
-28.05
-92.28
-92276.70
风源吉木萨尔光伏一
25.06
0.00
-29.08
-54.14
-54144.43
电站
复睿五彩湾光伏一电
18.00
0.00
-29.16
-47.16
-47159.89
站
国合特锐德奇台光伏
8.93
0.00
-15.00
-23.93
-23926.35
一电站
恒动木垒光伏一电站
21.30
0.00
-28.29
-49.59
-49586.58
恒联五彩湾光伏一电
18.35
0.00
-29.05
-47.40
-47396.98
站
华能吉木萨尔光伏
27.25
0.00
28.68
-55.93
-55929.60
电站
嘉瑞木垒光伏一电站
24.21
0.00
-27.75
-51.96
-51961.48
京能六师北塔山光伏
一电站（二期吉泉配
9.41
0.00
-9.59
-19.00
-18996.18
套）
晶恒新能木垒光伏
29.40
0.00
-26.07
-55.47
-55472.36
电站
凯升木垒光伏一电站
30.51
0.00
-26.77
-57.28
-57283.53
力诺新能源五彩湾光
29.04
0.00
-29.07
-58.11
-58109.67
伏一电站
立新吉木萨尔光伏二
24.52
0.00
-28.36
-52.88
-52883.34
电站
立新吉木萨尔光伏
25.25
0.00
28.83
-54.08
-54076.67
电站
利源新辉奇台农场光
13.78
0.00
-13.17
-26.95
-26949.96
伏一电站
联合木垒光伏一电站
22.01
0.00
29.19
-51.20
-51200.71
猛狮吉木萨尔光伏一
12.76
0.00
-13.
92
-26.6
68
-26680.21
电站
日电木垒光伏一电站
17.72
0.00
-28.45
-46.17
-46172.64
三峡北塔山光伏二电
7.53
0.00
-16.73
-24.26
-24261.15
三峡北塔山光伏一电
5.11
0.00
-15.73
-20.84
-20836.07
站
天辉木垒光伏一电站
25.53
0.00
-29.08
-54.61
-54610.00
亿晶奇台光伏一电站
34.48
0.00
-59.98
-94.46
-94460.17

--- 第 30 页 OCR ---
粤水电北塔山光伏一
9.77
0.00
-15.78
-25.55
-25546.27
电站
浙能北塔山光伏一电
2.36
0.00
-6.22
78.58
站
-8584.41
浙新能北塔山光伏
5.40
0.00
-15.44
-20.8
电站
84
-20844.13
中惠北塔山光伏一电
34.17
0.
00
14.
65
48.82
-48820.70
站
中民新能木垒光伏
29.10
0.00
电站
-28.
49
-57.59
-57589.54
中民新能雀仁光伏-
21.7
78
0.
00
-28.38
-50.16
电站
-50158.83
合计
22755.
92
31681.2
26
-8925.35
0.00
0.00

--- 第 31 页 OCR ---
附件3
2022年10月吉泉直流配套电源
“两个细则”
考核补偿公布结果
电厂名称
考核总分
补偿总分
分摊分
兑现分
兑现金额（元）
古海一厂
2126.15
4570.22
-1312.31
1131.76
1131754.99
古海二厂
1694.16
3957.84
-1370.68
893.00
892997.80
雅丹一厂
437.07
6005.70
-1375.05
4193.58
4193579.79
雅丹二厂
4134.88
1111.07
-424.63
3448.43
-3448434.82
金满电厂
519.00
4090.23
-1185.
63
2385.60
2385600.03
北庭电厂
396.00
4710.06
-1178.
42
3135.64
3135640.47
采风丝木大石头风电一场
212.19
0.00
-131.76
-343.95
-343953.18
大唐老君庙风电一场
41.96
0.00
-89.50
-131.46
-131457.84
东方民生老君庙风电一场
42.91
0.00
-55.
22
-98.13
-98126.01
盾安老君庙风电一场
18.55
0.00
-28.
72
-47.27
-47270.31
风阳北塔山风电场
94.81
0.00
-48.60
-143.41
-143409.21
国电恰库尔图风电一场
66.93
0.00
-26.55
-93.48
-93482.74
国源天立木垒风电一场
25.07
0.00
-37.28
62.35
-62346.51
海元老君庙风电一场
47.53
0.00
-57.21
-104.74
-104742.45
华电福新老君庙风电一场
41.93
0.00
-70.50
-112.43
-112433.08
华电木垒大石头风电一场
184.5
52
0.00
-139.45
-323.97
-323966.38
华风北塔山风电一场
66.09
0.00
-61.03
-127.12
-127124.22
华能老君庙风电一场
32.
42
0.00
-27.09
-59.51
-59514.63
华能萨尔托海风电场
80.3
38
0.00
-26.
43
-106.
81
-106809.15
华荣老君庙风电一场
32.36
0.00
-27.31
-59.6
67
-59668.02
汇能老君庙风电一场
62.30
0.00
-67.59
-129.89
-129893.97
吉峰布尔津风电场
0.00
0.00
0.00
0.00
0.00
嘉裕大石头风电一场
87.54
0.00
-108.87
-196.41
-196412.88
京能北塔山风电场
103.74
0.00
-41.84
-145.58
-145579.81
晶能布尔津风电一场
136.28
0.00
-140.46
-276.74
-276739.39
浦海木垒风电一场
160.40
0.00
-57.13
-217.5
53
-217526.89
乾慧老君庙风电一场
57.95
0.00
-58.
18
-116.
13
-116132.15
乾新昌吉木垒老君庙风电
17.97
0.00
-29.38
-47.35
-47346.28
一场
乾元老君庙风电一场
23.39
0.00
-31.32
-54.71
-54705.69
乾智老君庙风电一场
108.20
0.00
-78.72
-186.92
-186917.03
三峡北塔山风电场
50.92
0.00
-53.50
-104.42
-104424.77

--- 第 32 页 OCR ---
三峡北塔山风电二场
73.56
0.00
-54.37
-127.93
-127926.87
三峡北塔山风电三场
66.65
0.00
-128.29
-194.94
-194935.90
三峡布尔津风电场
65.50
0.00
-102.08
167.58
-167580.34
上电大石头风电一场
73.62
0.00
-61.41
-135.03
-135034.50
深能老君庙风电一场
95.01
0.00
-137.84
-232.85
-232850.37
丝路老君庙风电一场
25.48
0.00
-31.81
-57.29
-57294.37
特中变老君庙风电一场
27.61
0.00
-31.63
-59.24
-59239.42
天立老君庙风电一场
21.94
0.00
-29.88
-51.82
-51815.83
天润富蕴风电一场
38.62
0.00
-28.54
67.16
-67159.68
天润木垒风电一场
45.27
0.00
-67.11
-112.
.38
-112379.12
通川老君庙风电一场
19.91
0.00
-33.04
-52.95
-52951.71
协鑫北塔山风电一场
42.81
0.00
-36.54
-79.35
-79354.48
信友北塔山风电一场
35.79
0.00
-37.42
-73.21
-73209.11
统原老君庙风电一场
34.37
0.00
-67.85
-102.22
-102220.66
西北水电北塔山风电一场
90.09
0.00
-54.82
-144.91
-144906.72
新科奇台风电一场
83.32
0.00
-61.03
-144.35
-144354.22
鑫和信北塔山风电一场
60.05
0.00
-51.48
-111.53
-111529.80
鑫垣北塔山风电一场
64.63
0.00
-53.13
-117.76
-117764.00
粤水电北塔山风电一场
41.72
0.00
-32.97
-74.69
-74689.89
中闽大石头风电一场
160.34
0.00
-116.21
-276.55
-276552.20
浙能北塔山风电一场
39.06
0.00
-65.27
-104.33
-104329.19
中电投老君庙风电三场
69.38
0.00
-68.40
-137.78
-137779.47
中电投老君庙风电四场
73.01
0.00
-138.
29
-211.30
-211301.73
中电投木垒老君庙风电一
61.50
0.00
-52.51
-114.
01
-114012.59
场
中广核老君庙风电一场
24.85
0.00
-32.40
-57.25
-57249.47
中机国能北塔山风电一场
72.86
0.00
-60.06
-132.92
-132924.52
爱康奇台农场光伏一电站
18.00
0.00
-14.11
-32.11
-32108.22
保利北塔山光伏一电站
21.18
0.00
-33.20
-54.38
-54378.05
采田木垒光伏一电站
197.83
0.00
29.66
227.49
-227491.49
风源吉木萨尔光伏一电站
19.41
0.00
-27.60
-47.01
-47012.69
复睿五彩湾光伏一电站
33.52
0.00
-29.70
-63.22
-63220.64
国合特锐德奇台光伏一电
18.93
0.00
-15.
44
-34.37
-34370.66
站
恒动木垒光伏一电站
18.54
0.00
-30.00
-48.54
-48543.74
恒联五彩湾光伏一电站
97.45
0.00
-28.54
-125.99
-125987.78
华能吉木萨尔光伏一电站
17.83
0.00
-29.20
-47.03
-47027.94
嘉瑞木垒光伏一电站
52.90
0.00
-29.28
-82.18
-82181.21
京能六师北塔山光伏一电
17.04
0.00
-10.29
-27.33
-27331.34

--- 第 33 页 OCR ---
站（二期吉泉配套）
晶恒新能木垒光伏一电站
15.90
0.00
-28.29
-44.19
-44192.50
凯升木垒光伏一电站
35.00
0.00
-28.94
-63.94
-63938.97
力诺新能源五彩湾光伏
142.29
0.00
-28.36
-170.6
65
-170652.46
电站
立新吉木萨尔光伏二电站
22.14
0.00
-27.
28
-49.
42
-49424.77
立新吉木萨尔光伏一电站
35.50
0.
00
-27.6
69
63.
19
-63193.18
利源新辉奇台农场光伏
16.25
0.
00
-13.
13
29.
38
-29379.01
电站
联合木垒光伏一电站
25.21
0.00
-30.
65
55.86
-55860.21
猛狮吉木萨尔光伏一电站
95.32
0.
00
-9.78
105.10
-105094.98
日电木垒光伏一电站
18.90
0.
00
-30.
19
-49.
09
-49093.88
三峡北塔山光伏二电站
7.96
0.00
-18.
08
26.
04
-26042.10
三峡北塔山光伏一电站
18.95
0.
00
-16.
85
35.
80
-35796.25
天辉木垒光伏一电站
27.85
0.00
-31.
03
-58.8
88
-58880.48
亿晶奇台光伏一电站
41.40
0.00
-61.
86
-103.26
-103261.75
粤水电北塔山光伏一电站
10.33
0.00
-17.
03
-27.36
-27356.84
浙能北塔山光伏一电站
4.11
0.00
-6.
60
-10.71
-10712.88
浙新能北塔山光伏一电站
5.50
0.00
-16.
96
22.46
-22460.28
中惠北塔山光伏一电站
38.85
0.00
-15.78
-54.63
-54631.42
中民新能木垒光伏一电站
21.69
0.00
-30.27
-51.96
-51959.92
中民新能雀仁光伏一电站
18.03
0.00
-30.19
-48.22
-48223.87
合计
13724.35
24445.12
10720.76
0.00
0.00
：