--- 第 1 页 OCR ---
国家能源局浙江监管办公室文件
浙监能市场［2025］10号
国家能源局浙江监管办公室关于发布浙江电网
2025年4-6月份两个细则运行结果的通知
国网浙江省电力有限公司,浙江电力交易中心,各有关发电企业:
按照《华东区域发电厂并网运行管理实施细则》《华东区域
并网发电厂辅助服务管理实施细则》（简称“两个细则”）以及《国
家能源局浙江监管办公室关于开展宾金直流（溪洛渡部分）跨区
辅助服务补偿机制试点工作的通知》浙监能市场[2015]10号）
要求，浙江电力调度控制中心对浙江电网2025年4-6月份“两个
细则"运行结果进行了统计和计算，有关发电企业对运行结果数
据进行了核对。国网浙江省电力公司按规定向我办报送了2025

--- 第 2 页 OCR ---
年4-6月份“两个细则"运行结果的明细清单。我办通过网站对
2025年4-6月份“两个细则”运行结果进行了公示。
根据“两个细则"规定，现正式发布浙江电网2025年4-6月
份“两个细则"运行结果（见附件）请国网浙江省电力有限公司、
浙江电力交易中心、各有关发电企业据此通知，将“两个细则”
运行结果连同2025年8月份电费一并进行结算。
附件：2025年4-6月考核、补偿总结算表
国家能源局浙江监管办公室
2025年9月2日
国家能源局浙江监管办公室综合处
2025年9月2日印发
-2一

--- 第 3 页 OCR ---
浙能镇海德气热电
艺溪白益新能
有限责任
6156.47
16189.36
909359.30
-15564.78
569606.63
-11813.08
477.46
776.98
1498.30
8598.70
6411.26
4142.68
0.00
总料技有限
921.2
-6271.83
-11177.97
-14289.68
186.1
3499.62
0.00
476
-4807.86
296.48
537.16
64.2
1173.78
0
有限
29.
2624.1
5421.07
-3383.84
3304.93
-5809.42
5078.44
171.06
340. 89
-2463.08
-1361.33
2392.94
-1469.98
投集团承尼
-3257.03
137.21
942.76
0.0
0.00
17.3
-28992.71
源有限
1642.5
-28741.28
-25347.92
546.92
135798
10926.77
-11838.76
-7337.0
0.00
8751.91
-127.
-15011.43
125.5
38.
2568.34
源有限
大
22682
-6925
-30976 59
-42254.88
-55695.26
1150.0
1811.17
4028.07
22547.76
17405.12
-1612123
0.0
9.00
396.87
C111
8441.60
9574.51
31000.55
8445.42
372.72
436.20
1095.77
6836.6%
197968.66
慈溪风政款值
能击科技有限
-16.81
-5742.71
-10015.23
-3771.28
-3087.71
00'0
0.00
128.62
278.68
7224.08
湖州图光快发电有限公司
-1570.28
-6124.20
-9424.43
-5432.
5928.52
5256.28
588.42
-3983.48
-2557.11
-152145
0.00
0.00
0.00
203.
748.84
47
市华博新能源有限
830.89
9931.89
-2792.54
2812.45
-3683.05
3631.31
109.98
173.41
37390
2047.17
-1517.08
1051.10
0.00
17.99
1066
154.64
228.56
635.16
-5963.86
4223.55
-2535.51
-26746.73
中核苍南共昌新能源有限
1能
5202.12
3480.74
135.98
-8193.28
-10253.62
8759.64
0.00
0.00
0.00
53.3
1162.68
-28734.59
新江
4632.47
-2414.39
-1844.31
1195.
0.00
0.00
8514.3
0.0
43
8149
泰林农光优发展有限公
-1639.4
-15550.81
-22613.04
84269
172189.6
70841.05
459.
885.98
2031.21
7699.
37
-55789
D.00
158.53
3886.49
州禾和新能源科技有限公
司
-6471.63
9083.2
-5495.73
-7816.50
6927.03
219.64
376.89
756.04
-3219.68
2005.06
D.00
0.00
7580
1487.01
品科
-11426742
-45257.46
-3166.45
12742.9
-22496.78
28332.66
706.3
1057.59
-12441.91
9266.60
8201.01
0.00
0.00
243.7
654
伏发电有限公司
-111.23
-13858.88
444.98
109.52
4828.47
3912.84
0.00
89.74
713
106
州杭泰店
4.4
5369.49
4210034
47398.2
-2826.06
0.00
87254.07
溪市晶科电力有限
-1645.86
-2185.84
-1369.00
-1741.17
-1657.75
54.63
87.75
180.54
-996.49
-717.20
-479.84
0.00
0.0K
18.85
53 86
-5230.16
62.89
波销海汽授新能源科技有限公
12929.45
9684 47
12697.41
-11176.16
398.19
35.05
626 97
121723
7049.29
3234.99
0.0
0.00
13741
857
乐！
-1670.6
-4432.75
-2499.80
-1275.12
479.39
-2945.7
21.24
273.62
928.15
197.46
852.67
0.00
0.00
0.00
12.10
15.39
430.91
-1449345
满工泰光供发电有限公司
（光伏）
泰
3594.7
-12301.35
-12068.25
-11886.18
-14127.73
-16406.32
475.53
685.17
1720.75
8651.91
5819.33
4748.88
0.0
0.00
425 87
339.24
波镇海能新能源科技有限公司
晚光
113.3
-1404.57
-9395.25
-7343
96
-9401.16
8411.98
296.38
471.27
906.80
-5345.64
3872.41
0.00
0.00
0.00
10228
1854.91
-46575 31
中煤舟山煤电有限责任公司
1963
9
4610.84
4403
1023
-1260.01
-1409.87
39.05
58.2
138.25
-744.85
-519.
-408.09
0.00
0.0
13.47
56.05
263.48
17795.16
开化龙确新能源有限
龙期
1417.99
-10981.66
-2016.21
6156.55
-9084.23
212906
174.89
281.77
559.43
-4551.98
-4077.74
0.00
0.04
172.90
45165 60
溪绿能太阳能科技有限公
绿能
3034.43
-3777.
-5288 90
156 23
261.2
2749.47
-2178.54
-1813.94
0.0
0.00
-3424572
广海发电有限
1803.82
1791.3
-865.
-4687.38
8533.06
-6132.59
110.61
173.98
157.7
3419.57
3520.15
1777.40
0.00
0.00
-42467.88
579.74
841.12
2518.18
8
107.0
4508.25
439.74
-24317
元伏发电有限
20382
16465.09
-70195.80
-28888.65
24820.0
454.3
21027.96
17492.86
-7184.26
000
0.00
金源开发有限公司玉环分公
4152.85
26662
671.7
8569.82
0.0
416.25
3382.48
166
6147.6
6888.0
2632.04
-6493 59
电电力开发行限
升
2728.8
578511-
8746.
59
-6914.40
11202.3
78.94
32859
121386
6994.76
-2848.10
3242.56
220.53
2388.44
1684.45
-51784 03
兴盛林电力有限
客林
1243.
08157-
6650.30
-4115.45
-8969.85
-7508.68
813.14
4406.83
-3694.75
2173.42
0.00
0.00
83.75
274.51
杭州财能电力科技有限
公司
好象
1820.6
-11943.07
-6718.99
-5813.53
274.0
357.5
638.18
4890.73
2882.39
1682.7
0.00
94.58
225
1448.27
483
奇
154.06
-11564.87
3912.97
4118651
8434.65
72.56
435.11
1097.72
6888.73
2983.65
0.0
0.00
28.56
27807
2239.56
21621 94
源开发有限
76483.04
65708.27
14160.61
-131033.26
-103208.40
1931.62
3393.15
9336 28
-74324.57
-58402.36
-36278 24
0.0
0.00
0.00
312340.52
有限
18.3
-4524.87
-3620.78
-8514.59
164.
154 83
667.13
-3293.64
-1491.43
-2464 58
0.0
102.
导力投A附能
1105.81
5975.
-4395
-593
2.78
-4705.58
28461
505.6
3199.53
1701.85
2443.76
1362.05
0.0
59.9
29403
唐新
能源有限
44
3508
2101.73
3328.
2
-4131.64
135.17
156.0
408.54
-2422.65
-1156.75
0.00
88G6
浙江阿波溪仑光伏科技有限公
98110.81
6180.58
291.0
486.3
-3684.97
2545.83
-1338.75
0.0
180.01
98.5
077.
62
夏湖
-11588.3
-10217.48
1199
-1098.34
402.
649.68
1203.43
-7437.2
-5190.85
-3212.46
-6257.60
231.84
62538
4412.48
348.90
0.0
0.00
0.00
38.7
2515.7
585.31
牌有限公司
-114.26
-926
-1784.3
8130.21
377.32
-1811.29
0.00
312
2257.42
-5848.94
314.14
.04
湖州行南光快发电有限公司
656.16
10427.2
8532.81
516.7
5293.65
2469.86
0.00
01
.79
中电建（结云）新能源有限公
347.42
1896.46
-4653
55
-7189.85
-7781.13
30
201.71
479
-3387.3
56
0.00
15.
124(
875.59
慈溪协能新院派科技有限公司
1645.58
9869
56
-10222.60
-11470.40
-15608.28
-13177.88
765.87
8349.27
18
9501
61
.44

--- 第 4 页 OCR ---
青田小属水资源开发有限直任公司
4723.81
7466.11
12445 22
19334.17
24170.21
0.00
0.00
0.0
175372.30
23627 59
时山丘源械亚制股源有限公司
登步站
小送
154.49
360 81
1112.32
-8733.06
0.00
-24523.82
46268.07
57172.65
53.31
213 91
1760.02
8142.
192165.6
94
12.62
-8906.97
5142.07
0.00
0.00
0.00
107.88
295.68
1652.50
418280.61
超兴恒物诺能科技有限公司
8933
4860
8568.43
3556.1
-24576 65
22760
-2389
0.
26523
445 84
1220
0.00
0.00
-317725.25
国（浙江湖州）能源有限公
9646.2
0.00
0.00
淮德市品网储能技本开发有限公司
易国储能
27656.67
05.09
65.84
52552
0.00
-149189.34
105.28
120.21
2015.11
-6583.
0.00
462.0
195583 19
0.0
0:0
0.00
74.2
2497.85
573.06
60744 43
万义健能站
万义能能
1OLG
11045
864684
247159
-28653.
27896
06.
53473
1284.
0.0
0.00
111360.65
325.43
64543
尿电能
电信能
9494.05
10403
6314.62
-24189
504.29
0.00
0.00
255438.35
103.62
308.08
1452.00
洗元法能站
然元能
291489
18729.
17195.3
54325.94
-55484.
76
0.0
0.06
0.06
216494.3
0442
61814
第能
4075.5
4440.
625.42
长电健能站
-10383.61
-11542.6
-11699.
215.41
538.42
0.00
-111190.86
44·48
2073.23
-130584 18
热能
9697.
5710.94
7311.63
-21016.77
19448.96
-26158.29
-23595.18
1085.86
0.00
0.00
7497.58
1733141
0.0
-82793.93
29501
1649.82
143407.73
18429.
215.1:
848.
0.0
0.00
0.00
241183.19
7424
221.6
预电络能电话
7650.17
-19060 63
-25832.2
24675.96
36.6
182.0
1136.
0.0
0.00
0.00
16.0
816
068
-339813.17
到中储
9996
8871.91
25469.21
29467.
28634.46
549.9
1317.
0.00
0.00
0.00
0.00
334.74
2565.22
林能
4840
5570
4292.07
12337.89
48718.84
4042.4
13849.
6.00
53867.60
30438.44
真经储装
51626
3996.80
-10299.40
-13421.14
-12899.
127.85
250.46
主门储能站
-25748.81
480. 64
0.00
0.00
-67564.54
14
150
1071.75
88744.34
兰能
上门能能
9920.
8042.67
22698 44
25965.0
281.9
1194.
0.00
0.00
0.00
206571.15
7119.1
8303
6747.43
18869.57
21698.6
2271.78
249487.98
日昇储装
3878.87
12517.54
2013
0.00
0.00
-148397.11
0.00
60.87
绿建储能
-15584 49
484 3
0.00
0.06
0.0
17.0
12480
068.84
168198.60
6117.60
9955.
7939.43
25953.75
1179.
0.00
0.00
湖山正泰款证开发有限公司
新亭律能
7727.14
33485.1
8675.
6620.01
48410.71
19687.26
22504.9
44.
419
4298.30
1027.5.
-35238.00
0.00
0.00
-182670 50
0.00
289608.62
浙江浦能值海大然气发电有限责任公司
西镇内
29462.42
144108408
59842.68
-29219.39
-17451.02
-211199.52
-259059.15
454 58
01482
64562.20
538435.53
55945
0.00
0.00
269
.45
-831244.43
杭州建德华电视新新能源有限
65242.
693.02
-5546.15
0.00
680 62
2123
6136421.56
人有储能
华洋
4409.91
4134.95
-585.03
-11235.60
13514.34
9817.88
I
25220
373 6
S61:
3416.03
-3658 5(
0.00
0.00
72.84
人有所整
227.0
1871.09
048.45
3816 93
-13342.29
614.02
0.00
0.00
0.00
0.00
-161404.01
48.13
152
1066.37
-183468 44
国达储经
3528.01
0724 80
523.89
0.00
0.00
0.04
0.00
0.00
-128107.42
416
885.97
-153301 72
街泰光伏站
510471
4149
-11407.70
-13265.54
141
247.56
616.
0.00
-20561.46
0.00
0.0
0.00
0.00
-124486.71
488
16929.20
-16964 27
29776.13
1077.78
1915.78
-21673.95
-5408.54
0.00
-224077.39
110279.32
2442
659 36
50
016.
51743
451539 19
91-
龙润光伏站
1122.04
13631.97
-2771.41
3985.69
-3721.82
-24326.89
-8390.86
厨水山纤溪新能瓷有限
-2287.26
-17412.67
164 88
1314.46
27
106567.69
浙江大唐乌沙山发电有限资任公司
156047.1
-6449.85
6856 97
-7125
90
-5128 58
120
3.47
3971.
6183.67
77
64.28
298.73
202.08
917.40
876.00
-2547.10
1636.01
6856.04
25741.20
52809
06
218
1174
823.11
206.88
608.62
-3733.07
-1993.
13969 27
-21020.71
青州宏广款绕源科技有限公司
1856
-1214.22
23980
-2881.66
-4985.85
24028
-2387.11
44.74
-10840265
2274.07
-21834.52
129.66
2212.3
0.00
0.00
145
-18558.40
277.00
-4153.36
8.40.67
图水落都国不新能豫有限公司
伏站
海
1995.03
6794.2
-5705.98
4128.78
10412
231.14
207.85
-1 700.68
-7644.35
-3013
-24654.38
23868.81
-37726.81
176
•17455 22
01
14923
南州市葡江区海新能光伏发电有限公司
3085 51
-9276 59
-40617.38
12551
1685.40
-109730.63
-32.70
-331.00
6.18
61.44
0.00
-0.10
-532 26
-212186
山源光快站
37693 17
-16855
487.89
-3155
金华风凌新能源开发有限公司
-75651 19
258.
-14312110
34368
48178.44
肇源光优站
52373
4143.84
9340.51
5518.
34
250720
-270
-554%6
大光伙
86718
081
IES
-18364
04
浙江国电投海越新能源有限公司
46.89
U8:
收坪范状站
76.
-20882
华利新能源（安吉
5449
公司
5824
58.
318
74
恒凌光优站
1620
新发
-7265.89
334.38
159
-11548 87
601
15783
1.00
0.00
671218 77
671218.77
0
能源销售有限责任
华能浙江经合中
0.00
157079.35
152826 60
144386 95
浙江海能能源服务有限
59897.45
0.00
0.00
0.00
0.00
0.00
0.00
0.00
7.45
0.00
454292 90
0.00
32432.20
0.00
0.00
0.00
1253
溪济
0.00
131596
00