--- 第 1 页 OCR ---
国家能源局浙江监管办公室文件
浙监能市场〔2025】7号
国家能源局浙江监管办公室关于发布浙江电网
2025年1-3月份两个细则运行结果的通知
国网浙江省电力有限公司，浙江电力交易中心，各有关发电企业：
按照《华东区域发电厂并网运行管理实施细则》《华东区域
并网发电厂辅助服务管理实施细则》（简称“两个细则”）以及《国
家能源局浙江监管办公室关于开展宾金直流（溪洛渡部分）跨区
辅助服务补偿机制试点工作的通知》（浙监能市场［2015]10号）
要求，浙江电力调度控制中心对浙江电网2025年1-3月份“两个
细则”运行结果进行了统计和计算,有关发电企业对运行结果数
据进行了核对。国网浙江省电力公司按规定向我办报送了2025
一1-

--- 第 2 页 OCR ---
年1-3月份“两个细则"运行结果的明细清单。我办通过网站对
2025年1-3月份“两个细则”运行结果进行了公示。
根据“两个细则"规定，现正式发布浙江电网2025年1-3月
份“两个细则"运行结果（见附件）。请国网浙江省电力有限公司、
浙江电力交易中心、各有关发电企业据此通知，将“两个细则”
运行结果连同2025年6月份电费一并进行结算。
附件：2025年1-3月考核、补偿总结算表
中浙江监会
国家能源局浙江监管赤公室
2025年7月1日
国家能源局浙江监管办公室综合处
2025年7月1日印发
-2-

--- 第 3 页 OCR ---
兴地制能科技药限：
34
298.5
391.84
175.16
-880
2129.51
9537.21
5451.36
2271.63
232283
416.53
161.60
123.98
1246.60
601.01
939.27
22.68
2.54
59584.21
67.6
10842
3506
29363.1
-17908 30
1514321
167155
484.2
343.34
6714.67
6314.75
6123 38
255953
72.86
67.5
1180142
-58498
1978810
108032.24
-12540
36245.25
5342897
3868.45
109841
2470444
4181.9
-2160478
836.5
2880
-3072.84
168.1
7115.61
647.0
112
2545.9
87.
185.59
11761
145.9(
3228.64
2715.74
2326.31
288.2
03.1
-738.31
-957.6
1085.41
199.83
-13162.46
7955.16
6498.9
79.81
5.88
35.5
18566.45
4343.37
-3175.5
•1723.26
1811.6
43.1
电药
44618 50
1862.41
07.14
18
4459.59
-607.6
-732 57
1897180
22460.40
27019.43
82880.82
79.47
547.54
5735.60
87.2
9450852
8876.15
-8712.00
-1218809
-4950.38
-4575.71
666.53
69
204.15
1745.58
1850.25
387.0
42780 50
17364 18
30134.0
14381.47
2239.9
802.31
737.89
4297.7
1286812
20920.58
459.86
2212.5
197.
865
0901
23799.6
906.5
2685
484.6
140.87
1411415
49419.47
-1388.
-1315.72
14103
76283
91 89
47.60
-463 94
42527
9215.82
11493 98
11164 84
096.48
357.11
3252.41
617
-673.19
87.32
57571 50
-4364.6
305
.14
617
121.71
425
118.6
-213263
12559 55
-8243.21
1624.07
744.0
67.0
63.48
475.45
264.77
-1851
4428.7
4714.19
6120.89
80983
97
86
49.40
906.
18.88
4315647
1819
1683.91
-1169.42
127.79
76.10
38 31
3918.87
108781
645481
82.49
2487.58
-385 07
2276.0
412.3
67.38
EII
E89
EL
51
-4586.7
-3549.
502.87
305.71
61
-6131.5
-1402.14
1617.3
1435.39
889
12.6
51.9
057422
4057.57
6106
-7822.9
-3039.
353.05
IEU
65.7
2104.7
OS'BSLC
1228.92
881
34.50
481.58
28746 69
510604
-40046 86
2703482
1599 41
9532.9
101125
-5954.41
1510.91
781.21
442.54
-6784.0
6873.2
8121.97
855.0
232.14
102M
-1788165
1161117
-8140.
1295.64
78220
354.38
4094.2
0.00
08.92
0
185.89
104 38
73173.02
8
3651
9710.11
962 81
5025.6
834.8
1'69
217.66
2829.2
2032.18
446.3
0874.5
1250308
8527.09
18805
849.9
577.2
248.04
80.5
-5853289
5384.5
8815.85
41446
16744.64
22885.07
10321
752.93
334 23
3950.17
3053.85
551.82
105.0
454.6
370775.78
5541824
5401
0144.98
-163200.1
9941439
82954 20
59935
2590
201383
-3505510
33543.74
581.34
287.21
3807.17
310.
056.
158.6
3124.44
-15807 9
886128
417.05
-3614.90
218.7
258.48
4764.51
-6037.01
-3856.61
169.39
-1507.
2135.78
88 8r
40.6
96.58
565
5949.6
-4999.71
41785 64
-4347.54
374.2
598.4
312.18
190.18
14753 38
1477.8
5865.06
6320.6
424.10
-1875.0
1757.99
080
63.7
59.1
tst
83827
-3105.67
4475.6
592.58
57.5
4406
12771.01
10602
-5303.15
817.09
355.35
222.23
2424.54
189.7
5751
10712
-4411.13
047.48
618.78
319.88
2817.79
3202.48
116.5
83.6
4805.
402.64
196.84
45135 17
1946
2841.19
-8166
5297
-3872
1867.37
1867.83
10783.22
14136 95
8815.1
13103
893.93
3480.61
4984.91
21493
-8854
4836
1462
360
4454.1
438.47
2271.74
8207
4.4
116356.81
148815:31
-129309
01687
1442.48
572.1
153.16
4177.74
-1485.86
48.
3409
501800
117
285
5089.78
海场
4404
9555508
82445
4717.9
21
064
228747
-33247 86
6548.00
34.

--- 第 4 页 OCR ---
232242.85
1989.89
39119.32
179128
103171.05
-4145.19
3405.77
2565.73
156540
20296.
7933.34
43696.01
6347.02
26657.
254280
337.2
184.84
-1814.17
7610.03
6770.40
2238.06
6799.38
1835.63
1359 42
398.76
5253
149.32
40427.71
39813 66
唐验站
-4466
-892.85
18028
438.01
664.79
3037.73
2532.06
101.15
694 66
-781.88
69.78
25.78
68.05
4412.80
49948.61
-1978.62
14.6
53. 06
-5.32
-5611.25
4393.13
-1776.42
102.85
-60.98
78417.47
597976
兴新能源有
19465.18
17222.80
52976544
9159.65
347352.01
88.8
86.
14929
68.2
31295.76
13372.82
683.11
0.00
0.00
2.00
35833
2204.57
启泰能能
3887.22
4510.15
3146.73
225778
Ebl-
6735.22
13077.46
64
37.3
0.00
0.00
0.00
43074.66
287.2
55.37
4784
47.9
3523
63993.99
青田小通水资开发有限责任公司
小
1744.24
-5733.82
0.00
14912.56
23426 48
-11900.79
136 2
88.98
63882.97
5753.0
8451 89
10398.14
4835.97
19340.9
1680740
7061
882.7
31.4
4422.83
5926.56
-3575.61
655.39
71.9
13.78
2847441
旭新健能科技有限
加新线
8271.10
34735.75
30150.05
28.0
0.00
-51647.36
78.3
72.08
-4.84
6.2
103863.21
504.6
10883.2
8570.83
31556.58
6917.48
21371
131388
57.7
0.00
0.00
+70
55683.78
建德市晶网健能技术开发有限
品网然能
2064.7
2385.70
1998.52
7545.66
4983.27
285.42
483.54
152.9
41.58
-1.76
文健能
0049.6
1071436
11176.31
8543.33
8017.75
36727.41
32399.04
19983.74
685
18.0
0.00
0.00
9096111-
97
177.75
399
167492.15
942.89
38.8
131.53
-1.92
-54650 59
这元健能站
21032.93
438324
16931.21
369455
-14814.35
-71401
1.16
-12709.48
60986.27
0S8
0.00
0.00
-216494.3
443 86
352.36
237.01
17.64
40536
560.3
385.74
-4491838
53.81
76 $7
55 50
67982 59
电能站
883199
10049.93
4852.76
-25534.27
-32277.50
29140.40
23304.09
1210027
220.9
884.42
192.48
0.00
0.00
9786815
652.71
100.96
144421.29
杭能健能
抗临辅能
8037.11
793163
6225.79
1552390
07.
51635
98 67
129.53
7.87
11786211
144
划中能
划中辅能
83735
418666
-30603.57
-2725056
-19777.40
115758
827.0
314.59
0.00
92792.58
618.86
115.38
165.02
183.51
62.38
141584.24
0681.45
11990.17
34766.24
49.8
-53867 60
789.35
14.0
60316.29
柯林健能
486121
5566 81
4494.40
3747.72
17765.85
-16141.32
11206.71
489.89
178.2
0.00
京能生能
44764
148.65
0.00
159.2
6834
93 51
77.9
26 04
82171 76
车门68
5010.95
7885.58
16359.51
-1452956
9344.88
40.
49623.81
2531708
8545.73
8148.45
6674.97
-27211.20
-31231.34
2814250
1181.33
854.
312.77
0.00
164.06
12.49
日界站能
7445.74
2355268
1029
17.
264.7
0.00
82506
550.2
13888
4156
124803.88
4835.68
3866 64
-1402135
9641.40
153.36
0.00
47086 51
10472.58
0.00
314.0
80.45
107.04
12:41
新亭储站
3602.07
10739.58
9021458
-34991.83
33506 94
-31140.07
-30365.90
-17368 67
1267.40
21.6
281.51
276.28
00'0
0.00
6.00
0.00
101595.91
677.5
707.60
128.5
147.66
144.9
2788
262658.10
31123.97
9574.70
7097.37
17697.18
-27555.43
1323.57
1370.74
0.00
106098.21
254.09
131.84
317.7
32.9
8056851-
新能
发有限
13760.08
36986.86
-463084.35
8285.67
148378.70
-57906.72
48398.64
81826.11
24161981
4581.75
308.72
2458.40
605.7
-13241.91
0.00
-17481.29
-11145.35
0.00
-112820.
128705.76
-88523.39
2440.47
461.57
716
1289.56
1063 59
508739.27
62761.11
0.00
0.00
698002
能源有限
华洋
114.25
5083.15
1146.50
403253
-723.18
-8625.08
14738.90
-6698.14
-4607.60
644.20
447.33
10617
159.94
86121
-1972.35
0.00
-2361.87
-1863.15
0.00
0.00
D.0K
187.15
844.40
30.56
65 03
83 90
3111
24383 64
660.16
-17031.08
0.00
-51639.68
0.00
00
5240
7787457
国家储能
海第能
849.11
4601.12
2041.97
-15183.71
2191.61
14067.00
4576.4
5011.18
44
532.09
16101
79.71
86.93
0.00
0.00
0.00
0.00
-42652 36
0.00
284.46
28.74
56.49
41.81
45.60
1607
62563 80
13027.46
667.11
53.76
1249.04
179.70
568 94
0.00
0.00
-11348 86
-2585.75
-70367.12
0.00
72.04
25.07
-851 92
-1773.95
4772 28
2087.63
34871.43
59082
144411
407.06
126 43
4049.96
-14381 51
1638.25
1957824
69456 73
49882 98
17.6
98.44
260879.60
4154.27
5696
-104.30
-573.36
27.20
-23184
12799 51
-1108464
56
6592488
0 00
84.88
38.48
31.87
-4082.30
-2167.92
45.38
16.72
19441 07
6441.
4727 46
0.00
3076.39
-938.85
4038.9
373.38
70.23
41151
10483
179.099
-331.05
033.74
27426
-2318341
-258137
-332122
410.02
-2183.60
1084.79
-11458.17
6E6
100977.85
2549.63
-140349.83
863.31
-4706.3
03.39
93.76
99.6,
53877.90
06589
-1197.24
-5274.06
-1755 85
117.00
0.00
-1527 29
-1171.32
08
230.86
582.30
119.66
310 47
207 55
5823
0.00
-538 55
30442
-1903.06
473.64
280
17491.12
-18197.08
EII
43.3
8'80
25865777
6585135
158380.85
26.76
123.42
S8+1855
销售有限责
0.00
000
0.00
0.00
0.00
72461 65
25095 20
32256 20
0.00
0.00
0.00
0.00
0.00
0.00
0.00
0.00
0.00
0.00
.00
00
.00
0.00
D.
8041230
S816996
0.00
0.00
000
0.00
0.00
9.00
2859928.89
0.00
-2124298.66
0.00
067135 88
00
5951363 43
135260